   1.0000000e+00   3.1331706e+02   1.9309259e+02
   1.1000000e+01   3.1879013e+02   1.9632830e+02
   1.3000000e+01   3.2028973e+02   1.9646736e+02
   2.0000000e+01   3.2118613e+02   1.9884047e+02
   2.3000000e+01   3.2204633e+02   1.9991607e+02
   3.9000000e+01   3.1123343e+02   1.9130653e+02
   4.0000000e+01   3.1156087e+02   1.8864287e+02
   4.9000000e+01   3.0588830e+02   1.8768230e+02
   5.6000000e+01   3.1071478e+02   1.9016354e+02
   7.3000000e+01   3.2261933e+02   1.9828033e+02
   7.8000000e+01   3.2161623e+02   1.9841470e+02
   8.3000000e+01   3.1571827e+02   1.9628623e+02
   8.7000000e+01   3.1381363e+02   1.9285557e+02
   8.9000000e+01   3.1254380e+02   1.9234563e+02
   1.1100000e+02   3.1688553e+02   1.9441277e+02
   1.1800000e+02   3.2227117e+02   1.9716053e+02
   1.2400000e+02   3.2177960e+02   1.9882117e+02
   1.2700000e+02   3.2208697e+02   2.0036673e+02
   1.3100000e+02   3.1909670e+02   1.9657767e+02
   1.3300000e+02   3.1590243e+02   1.9502050e+02
   1.4200000e+02   3.0308267e+02   1.8498257e+02
   1.4400000e+02   3.0246843e+02   1.8473320e+02
   1.4500000e+02   3.0128063e+02   1.8484823e+02
   1.4600000e+02   3.0103520e+02   1.8408897e+02
   1.6000000e+02   3.1324033e+02   1.9520290e+02
   1.6300000e+02   3.1780703e+02   1.9775113e+02
   1.6400000e+02   3.1909737e+02   1.9874817e+02
   1.6800000e+02   3.2024730e+02   1.9729980e+02
   1.7200000e+02   3.2321343e+02   1.9861383e+02
   1.7500000e+02   3.2272190e+02   2.0080967e+02
   1.8000000e+02   3.2092534e+02   1.9951235e+02
   1.8200000e+02   3.1864660e+02   1.9898040e+02
   2.0000000e+02   2.9972016e+02   1.8507814e+02
   2.0700000e+02   3.0527403e+02   1.8787587e+02
   2.2100000e+02   3.1885140e+02   1.9722190e+02
   2.2600000e+02   3.2270127e+02   2.0056033e+02
   2.3700000e+02   3.1543153e+02   1.9523340e+02
   2.4900000e+02   3.0353343e+02   1.8566887e+02
   2.5600000e+02   3.0842783e+02   1.9047213e+02
   2.7100000e+02   3.1793040e+02   1.9882117e+02
   3.1600000e+02   3.1479673e+02   1.9441277e+02
   3.1800000e+02   3.1510413e+02   1.9704550e+02
   3.2700000e+02   3.2081747e+02   1.9967830e+02
   3.3200000e+02   3.2354100e+02   2.0056033e+02
   3.3300000e+02   3.2247597e+02   2.0077877e+02
   3.3500000e+02   3.1951139e+02   1.9928844e+02
   3.5200000e+02   3.0459665e+02   1.8871930e+02
   3.5300000e+02   3.0424980e+02   1.8812520e+02
   3.6300000e+02   3.1506283e+02   1.9491703e+02
   3.8500000e+02   3.2096083e+02   1.9835333e+02
   3.9400000e+02   3.1080333e+02   1.9290577e+02
   3.9600000e+02   3.0906260e+02   1.9004077e+02
   4.0200000e+02   3.0467977e+02   1.8701313e+02
   4.0700000e+02   3.1192983e+02   1.9181643e+02
   4.1400000e+02   3.1694683e+02   1.9768420e+02
   4.4500000e+02   3.0785433e+02   1.9085587e+02
   4.5100000e+02   3.0601103e+02   1.8939653e+02
   4.6700000e+02   3.1783455e+02   1.9832622e+02
   4.6800000e+02   3.2012110e+02   1.9928900e+02
   4.7600000e+02   3.2401190e+02   2.0127750e+02
   4.8900000e+02   3.1416243e+02   1.9718543e+02
   4.9100000e+02   3.1178630e+02   1.9534843e+02
   5.0600000e+02   3.0984103e+02   1.9423637e+02
   5.0900000e+02   3.1422310e+02   1.9609050e+02
   5.1600000e+02   3.2012123e+02   2.0063327e+02
   5.2500000e+02   3.2605987e+02   2.0194663e+02
   5.2600000e+02   3.2507693e+02   2.0159383e+02
   5.4000000e+02   3.1407990e+02   1.9736183e+02
   5.5000000e+02   3.0506953e+02   1.9188940e+02
   5.5900000e+02   3.0706434e+02   1.9095896e+02
   5.7500000e+02   3.1909737e+02   1.9913190e+02
   5.8000000e+02   3.2069457e+02   1.9896107e+02
   5.9800000e+02   3.1885080e+02   1.9964180e+02
   6.1000000e+02   3.0977897e+02   1.9400627e+02
   6.2500000e+02   3.1332227e+02   1.9699187e+02
   6.4600000e+02   3.2327427e+02   2.0124100e+02
   6.5800000e+02   3.1483757e+02   1.9774557e+02
   6.5900000e+02   3.1678267e+02   1.9849323e+02
   6.6300000e+02   3.1297407e+02   1.9509347e+02
   6.6600000e+02   3.1097920e+02   1.9368408e+02
   6.8200000e+02   3.1579987e+02   1.9718543e+02
   6.9700000e+02   3.2556790e+02   2.0110670e+02
   7.0100000e+02   3.2692010e+02   2.0208660e+02
   7.0400000e+02   3.2679687e+02   2.0194663e+02
   7.1100000e+02   3.2091953e+02   1.9917397e+02
   7.1400000e+02   3.1547230e+02   1.9761120e+02
   7.2000000e+02   3.1369047e+02   1.9484410e+02
   7.2800000e+02   3.1145645e+02   1.9396916e+02
   7.3500000e+02   3.1633253e+02   1.9607337e+02
   7.4900000e+02   3.2227133e+02   2.0124100e+02
   7.5000000e+02   3.2411681e+02   2.0067238e+02
   7.5400000e+02   3.2416396e+02   2.0007335e+02
   7.5700000e+02   3.2577313e+02   1.9949030e+02
   7.6200000e+02   3.2691947e+02   2.0167240e+02
   7.6400000e+02   3.2319297e+02   2.0046243e+02
   7.6600000e+02   3.2380710e+02   2.0159383e+02
   7.8600000e+02   3.0518569e+02   1.8954628e+02
   8.0100000e+02   3.1479720e+02   1.9579907e+02
   8.1200000e+02   3.2290607e+02   1.9870613e+02
   8.1800000e+02   3.2462667e+02   2.0024957e+02
   8.2300000e+02   3.2407337e+02   2.0102817e+02
   8.3100000e+02   3.2216907e+02   2.0023240e+02
   8.3300000e+02   3.1737693e+02   1.9870613e+02
   8.5000000e+02   3.0656387e+02   1.9058933e+02
   8.5700000e+02   3.1123343e+02   1.9412133e+02
   8.5900000e+02   3.1422373e+02   1.9408483e+02
   8.6900000e+02   3.2050990e+02   1.9693050e+02
   8.7400000e+02   3.2556847e+02   2.0017103e+02
   8.7700000e+02   3.2794433e+02   2.0222090e+02
   8.7800000e+02   3.2737012e+02   2.0093105e+02
   8.8900000e+02   3.1575953e+02   1.9721033e+02
   8.9500000e+02   3.1221657e+02   1.9255853e+02
   9.0900000e+02   3.1446923e+02   1.9589693e+02
   9.1100000e+02   3.1690600e+02   1.9505700e+02
   9.1300000e+02   3.2034657e+02   1.9707040e+02
   9.2100000e+02   3.2169770e+02   1.9804257e+02
   9.3700000e+02   3.2728817e+02   2.0122947e+02
   9.3900000e+02   3.2698153e+02   2.0034743e+02
   9.6400000e+02   3.0585679e+02   1.8858811e+02
   9.7200000e+02   3.1625047e+02   1.9373203e+02
   9.9500000e+02   3.2542493e+02   2.0108393e+02
   1.0050000e+03   3.2245533e+02   1.9823830e+02
   1.0070000e+03   3.2233260e+02   1.9966110e+02
   1.0110000e+03   3.1864660e+02   1.9700903e+02
   1.0170000e+03   3.1113351e+02   1.9432196e+02
   1.0360000e+03   3.1483740e+02   1.9638967e+02
   1.0520000e+03   3.2571203e+02   2.0067533e+02
   1.0550000e+03   3.2715052e+02   2.0194261e+02
   1.0670000e+03   3.2382790e+02   2.0202520e+02
   1.0720000e+03   3.2184120e+02   1.9899757e+02
   1.0750000e+03   3.1995723e+02   1.9828033e+02
