   1.0000000e+00   3.0113062e+02   1.8772283e+02
   1.8000000e+01   2.9924482e+02   1.8594509e+02
   4.6000000e+01   2.5120519e+02   1.7638840e+02
   5.9000000e+01   2.6877803e+02   1.8128030e+02
   6.0000000e+01   2.7025828e+02   1.8187073e+02
   8.7000000e+01   3.0311807e+02   1.8672040e+02
   1.1000000e+02   2.6796966e+02   1.7960966e+02
   1.1200000e+02   2.6389963e+02   1.7931122e+02
   1.1700000e+02   2.6032755e+02   1.7853591e+02
   1.2200000e+02   2.5507843e+02   1.7823747e+02
   1.2500000e+02   2.6043193e+02   1.7890568e+02
   1.2900000e+02   2.7809718e+02   1.8353491e+02
   1.3200000e+02   2.8633618e+02   1.8520555e+02
   1.3700000e+02   2.9279920e+02   1.8675617e+02
   1.4500000e+02   2.9934920e+02   1.8760927e+02
   1.6300000e+02   3.0449394e+02   1.8790771e+02
   1.6500000e+02   3.0421018e+02   1.8753795e+02
   1.7700000e+02   2.9369998e+02   1.8516978e+02
   1.9100000e+02   2.9149833e+02   1.8509199e+02
   2.0200000e+02   2.9984443e+02   1.8723950e+02
   2.0700000e+02   3.0005318e+02   1.8742439e+02
   2.2900000e+02   3.0329472e+02   1.8723950e+02
   2.3200000e+02   3.0113062e+02   1.8664907e+02
   2.6400000e+02   2.9875231e+02   1.8686973e+02
   2.7400000e+02   3.0184929e+02   1.8712594e+02
   2.9100000e+02   2.8534844e+02   1.8568242e+02
   3.0000000e+02   3.0123499e+02   1.8694106e+02
   3.1100000e+02   3.0403353e+02   1.8731083e+02
   3.2000000e+02   3.0264297e+02   1.8683396e+02
   3.2100000e+02   3.0223742e+02   1.8742439e+02
   3.2400000e+02   3.0007060e+02   1.8642842e+02
   3.2800000e+02   2.9441866e+02   1.8420312e+02
   3.6100000e+02   3.0234180e+02   1.8720373e+02
   3.7000000e+02   3.0183460e+02   1.8712594e+02
   3.7100000e+02   3.0022984e+02   1.8635063e+02
   3.7200000e+02   2.9963295e+02   1.8653552e+02
   3.7400000e+02   2.9339609e+02   1.8457289e+02
   3.7800000e+02   2.8954026e+02   1.8475777e+02
   4.0700000e+02   2.9320475e+02   1.8438801e+02
   4.0900000e+02   3.0131160e+02   1.8565370e+02
   4.1300000e+02   3.0343392e+02   1.8601641e+02
   4.2600000e+02   3.0533440e+02   1.8661330e+02
   4.5000000e+02   2.6698192e+02   1.8009299e+02
   4.5600000e+02   2.6430517e+02   1.7834457e+02
   4.6200000e+02   2.6182249e+02   1.7872079e+02
   4.7300000e+02   2.9468228e+02   1.8605865e+02
   4.8700000e+02   3.0348169e+02   1.8644214e+02
   4.9100000e+02   3.0510551e+02   1.8623707e+02
   4.9800000e+02   3.0461300e+02   1.8612997e+02
   5.0600000e+02   2.9954054e+02   1.8438155e+02
   5.1000000e+02   2.8629811e+02   1.8433277e+02
   5.2200000e+02   2.6856655e+02   1.8049853e+02
   5.2300000e+02   2.6837248e+02   1.8038497e+02
   5.3100000e+02   2.6389963e+02   1.7842235e+02
   5.4400000e+02   2.8593064e+02   1.8401824e+02
   5.5600000e+02   2.9905075e+02   1.8664907e+02
   5.5800000e+02   2.9943889e+02   1.8635063e+02
   5.7200000e+02   3.0162313e+02   1.8701884e+02
   5.7400000e+02   3.0352361e+02   1.8594509e+02
   5.8400000e+02   2.9080631e+02   1.8420312e+02
   5.9900000e+02   2.6569573e+02   1.7823747e+02
   6.0400000e+02   2.7303940e+02   1.8175717e+02
   6.1900000e+02   3.0105834e+02   1.8642196e+02
   6.2100000e+02   3.0273266e+02   1.8653552e+02
   6.2300000e+02   3.0173023e+02   1.8642196e+02
   6.3500000e+02   2.8515437e+02   1.8467999e+02
   6.4100000e+02   2.9339609e+02   1.8553954e+02
   6.4300000e+02   2.9536885e+02   1.8576020e+02
   6.4800000e+02   2.9823694e+02   1.8635063e+02
   6.5400000e+02   2.9971992e+02   1.8653552e+02
   6.5600000e+02   3.0162313e+02   1.8616575e+02
   6.6400000e+02   3.0301369e+02   1.8783639e+02
   6.8300000e+02   2.7481810e+02   1.8175717e+02
   6.8500000e+02   2.7175594e+02   1.8175717e+02
   6.9700000e+02   2.8852042e+02   1.8408956e+02
   7.0100000e+02   2.9459531e+02   1.8661976e+02
   7.0300000e+02   2.9855824e+02   1.8595155e+02
   7.0500000e+02   2.9855552e+02   1.8612997e+02
   7.0800000e+02   2.9874959e+02   1.8664907e+02
   7.1600000e+02   3.0283431e+02   1.8713886e+02
   7.2400000e+02   3.0362799e+02   1.8772283e+02
   7.3000000e+02   2.9438111e+02   1.8576020e+02
   7.3200000e+02   2.9149561e+02   1.8516332e+02
   7.4600000e+02   2.7095954e+02   1.8105318e+02
   7.5300000e+02   2.6310868e+02   1.7901278e+02
   7.5800000e+02   2.6349409e+02   1.7931122e+02
   7.5900000e+02   2.6479768e+02   1.7912634e+02
   7.9600000e+02   2.9033121e+02   1.8527688e+02
   8.5000000e+02   2.7610428e+02   1.8235406e+02
   8.5700000e+02   2.6648941e+02   1.7901278e+02
   8.6600000e+02   2.6321305e+02   1.7782546e+02
   8.6700000e+02   2.6717599e+02   1.7890568e+02
   8.7200000e+02   2.7701975e+02   1.8250317e+02
   8.7700000e+02   2.8614211e+02   1.8468645e+02
   8.8300000e+02   2.9737644e+02   1.8721019e+02
   8.8700000e+02   2.9905075e+02   1.8694752e+02
   8.9900000e+02   2.9904803e+02   1.8713240e+02
   9.0900000e+02   2.8137081e+02   1.8364847e+02
   9.1900000e+02   2.6698192e+02   1.8031365e+02
   9.2600000e+02   2.9417236e+02   1.8535466e+02
   9.3300000e+02   2.9577440e+02   1.8624353e+02
   9.6200000e+02   2.8892324e+02   1.8450157e+02
   9.6500000e+02   2.8235311e+02   1.8331425e+02
   9.7400000e+02   2.6758153e+02   1.7901924e+02
   9.7700000e+02   2.6668348e+02   1.7960966e+02
   9.8600000e+02   2.8068424e+02   1.8342781e+02
   9.8900000e+02   2.8830894e+02   1.8535466e+02
   9.9600000e+02   2.9776729e+02   1.8642842e+02
   9.9900000e+02   2.9797605e+02   1.8690528e+02
   1.0030000e+03   2.9926223e+02   1.8780061e+02
   1.0050000e+03   3.0142634e+02   1.8824193e+02
   1.0060000e+03   3.0160299e+02   1.8842682e+02
   1.0070000e+03   3.0319034e+02   1.8802127e+02
   1.0110000e+03   3.0243149e+02   1.8820616e+02
   1.0160000e+03   3.0202595e+02   1.8798550e+02
   1.0310000e+03   2.7293503e+02   1.8105964e+02
   1.0570000e+03   2.7323347e+02   1.8128030e+02
   1.0610000e+03   2.9498344e+02   1.8694752e+02
   1.0670000e+03   3.0113062e+02   1.8683396e+02
   1.0950000e+03   2.8860194e+02   1.8479355e+02
   1.1130000e+03   2.8931137e+02   1.8497843e+02
   1.1190000e+03   2.9746613e+02   1.8675617e+02
   1.1350000e+03   2.9963295e+02   1.8742439e+02
   1.1360000e+03   3.0111321e+02   1.8686973e+02
   1.1540000e+03   2.9508782e+02   1.8520555e+02
   1.1550000e+03   2.9290630e+02   1.8468645e+02
   1.1740000e+03   2.6967608e+02   1.8165007e+02
   1.1920000e+03   2.9618266e+02   1.8664907e+02
   1.1980000e+03   3.0153344e+02   1.8712594e+02
   1.2150000e+03   3.0292672e+02   1.8772929e+02
   1.2210000e+03   2.9766291e+02   1.8694752e+02
   1.2240000e+03   2.9111020e+02   1.8516978e+02
   1.2800000e+03   3.0433470e+02   1.8742439e+02
   1.2850000e+03   2.9994881e+02   1.8802127e+02
   1.2910000e+03   2.7442997e+02   1.8164361e+02
   1.2940000e+03   2.6967608e+02   1.8105318e+02
   1.3000000e+03   2.7779329e+02   1.8186427e+02
   1.3040000e+03   2.8702548e+02   1.8397600e+02
   1.3170000e+03   3.0033694e+02   1.8653552e+02
   1.3410000e+03   3.0243149e+02   1.8713240e+02
   1.3430000e+03   3.0201126e+02   1.8683396e+02
   1.3440000e+03   2.9943889e+02   1.8701884e+02
   1.3470000e+03   2.9577712e+02   1.8664907e+02
   1.3530000e+03   2.8970966e+02   1.8622444e+02
   1.4070000e+03   2.9952858e+02   1.8735952e+02
   1.4110000e+03   2.8851497e+02   1.8527688e+02
   1.4130000e+03   2.7769164e+02   1.8241892e+02
   1.4140000e+03   2.7770632e+02   1.8127384e+02
   1.4260000e+03   2.5497405e+02   1.7686527e+02
   1.4410000e+03   2.7721381e+02   1.8127384e+02
   1.4500000e+03   2.9568743e+02   1.8505622e+02
   1.4570000e+03   2.9795864e+02   1.8553309e+02
   1.4610000e+03   3.0065279e+02   1.8623707e+02
   1.4730000e+03   2.9100310e+02   1.8449511e+02
   1.4930000e+03   2.8991370e+02   1.8486487e+02
   1.4970000e+03   2.9665232e+02   1.8694752e+02
   1.5020000e+03   3.0024725e+02   1.8653552e+02
   1.5150000e+03   3.0292128e+02   1.8631486e+02
   1.5290000e+03   2.9827721e+02   1.8534820e+02
   1.5310000e+03   2.9346837e+02   1.8438801e+02
   1.5390000e+03   2.7987315e+02   1.8224050e+02
   1.5470000e+03   2.9705786e+02   1.8576020e+02
   1.5650000e+03   3.0331213e+02   1.8849814e+02
   1.5960000e+03   2.8720213e+02   1.8509199e+02
   1.5980000e+03   2.8624649e+02   1.8535466e+02
   1.6000000e+03   2.8673900e+02   1.8576020e+02
   1.6150000e+03   3.0213032e+02   1.8827748e+02
   1.6200000e+03   3.0172478e+02   1.8749571e+02
   1.6250000e+03   3.0141165e+02   1.8712594e+02
   1.6290000e+03   2.9080631e+02   1.8509199e+02
   1.6400000e+03   2.7402715e+02   1.8227627e+02
   1.6480000e+03   2.7084048e+02   1.8076120e+02
   1.6520000e+03   2.7811187e+02   1.8272383e+02
   1.6530000e+03   2.8138550e+02   1.8369048e+02
   1.6560000e+03   2.8623180e+02   1.8476423e+02
   1.6690000e+03   3.0095396e+02   1.8761573e+02
   1.6800000e+03   3.0273266e+02   1.8724596e+02
   1.6810000e+03   3.0232711e+02   1.8739507e+02
   1.6960000e+03   2.8862479e+02   1.8408956e+02
   1.7070000e+03   2.9457790e+02   1.8594509e+02
   1.7110000e+03   2.9855824e+02   1.8672040e+02
   1.7260000e+03   3.0480979e+02   1.8598086e+02
   1.7270000e+03   3.0253587e+02   1.8631486e+02
   1.7380000e+03   3.0155357e+02   1.8601641e+02
   1.7570000e+03   2.7323347e+02   1.8098186e+02
   1.7650000e+03   2.6589252e+02   1.7812391e+02
   1.7980000e+03   3.0125240e+02   1.8672040e+02
   1.8040000e+03   3.0208751e+02   1.8717445e+02
   1.8130000e+03   2.9804832e+02   1.8516332e+02
   1.8380000e+03   2.9130427e+02   1.8386244e+02
   1.8460000e+03   2.9656807e+02   1.8653552e+02
   1.8590000e+03   3.0172750e+02   1.8635063e+02
   1.8640000e+03   2.9230397e+02   1.8438801e+02
   1.8710000e+03   2.8049017e+02   1.8283093e+02
   1.8720000e+03   2.7909961e+02   1.8242538e+02
   1.8740000e+03   2.8017432e+02   1.8272383e+02
   1.8760000e+03   2.8792353e+02   1.8468645e+02
   1.8800000e+03   2.9466759e+02   1.8446579e+02
   1.8930000e+03   3.0024997e+02   1.8624353e+02
   1.9090000e+03   3.0412050e+02   1.8760927e+02
   1.9150000e+03   3.0251846e+02   1.8564019e+02
   1.9170000e+03   2.9776457e+02   1.8379112e+02
   1.9380000e+03   2.8106965e+02   1.8231182e+02
   1.9450000e+03   2.9417236e+02   1.8449511e+02
   1.9480000e+03   2.9607284e+02   1.8445933e+02
   1.9560000e+03   3.0153071e+02   1.8642196e+02
   1.9660000e+03   3.0352089e+02   1.8720373e+02
   1.9860000e+03   2.8256731e+02   1.8242538e+02
   1.9960000e+03   2.9817284e+02   1.8594509e+02
   1.9980000e+03   2.9688665e+02   1.8564664e+02
   2.0180000e+03   3.0153616e+02   1.8535466e+02
   2.0240000e+03   3.0352361e+02   1.8642842e+02
   2.0330000e+03   2.9267742e+02   1.8438801e+02
   2.0410000e+03   2.6826811e+02   1.7812391e+02
   2.0620000e+03   2.5555625e+02   1.7590507e+02
   2.0650000e+03   2.6321305e+02   1.7664461e+02
   2.0940000e+03   3.0140893e+02   1.8527688e+02
   2.0950000e+03   3.0260814e+02   1.8598086e+02
   2.0960000e+03   3.0162313e+02   1.8664907e+02
   2.0980000e+03   3.0232439e+02   1.8586730e+02
   2.1050000e+03   2.9227187e+02   1.8401178e+02
   2.1060000e+03   2.8912003e+02   1.8283093e+02
   2.1070000e+03   2.8593336e+02   1.8175717e+02
   2.1490000e+03   2.9914044e+02   1.8360624e+02
   2.1750000e+03   2.7441800e+02   1.8020009e+02
   2.1790000e+03   2.6351422e+02   1.7734860e+02
   2.2030000e+03   2.8226887e+02   1.8127384e+02
   2.2090000e+03   2.9020942e+02   1.8401824e+02
   2.2160000e+03   2.9348578e+02   1.8509199e+02
   2.2200000e+03   2.9635387e+02   1.8546176e+02
   2.2330000e+03   3.0262556e+02   1.8702530e+02
   2.2370000e+03   3.0301097e+02   1.8683396e+02
   2.2410000e+03   3.0151603e+02   1.8635063e+02
   2.2480000e+03   2.7145750e+02   1.7920412e+02
   2.2580000e+03   2.5298388e+02   1.7483132e+02
   2.2760000e+03   2.8830622e+02   1.8253248e+02
   2.2780000e+03   2.9089600e+02   1.8438801e+02
   2.2920000e+03   3.0162040e+02   1.8564664e+02
   2.3050000e+03   3.0262283e+02   1.8772283e+02
   2.3090000e+03   3.0161768e+02   1.8735306e+02
   2.3360000e+03   2.7918930e+02   1.8242538e+02
   2.3590000e+03   3.0281962e+02   1.8605219e+02
   2.3630000e+03   2.9978199e+02   1.8793348e+02
   2.3660000e+03   3.0195639e+02   1.8701238e+02
   2.3820000e+03   2.7691265e+02   1.8123807e+02
   2.3840000e+03   2.7920399e+02   1.8224050e+02
   2.3900000e+03   2.9616525e+02   1.8450157e+02
   2.3960000e+03   2.9815270e+02   1.8568242e+02
   2.4050000e+03   3.0031953e+02   1.8675617e+02
   2.4220000e+03   3.0370026e+02   1.8705462e+02
   2.4450000e+03   2.9530202e+02   1.8524110e+02
   2.4680000e+03   3.0271524e+02   1.8664907e+02
   2.4690000e+03   3.0243149e+02   1.8701884e+02
   2.4750000e+03   3.0311807e+02   1.8664907e+02
   2.4810000e+03   3.0283976e+02   1.8753795e+02
   2.4850000e+03   3.0320775e+02   1.8768705e+02
   2.4860000e+03   3.0453148e+02   1.8595155e+02
   2.5040000e+03   2.7702591e+02   1.8258320e+02
   2.5050000e+03   2.7522364e+02   1.8169231e+02
   2.5090000e+03   2.6916888e+02   1.7860723e+02
   2.5100000e+03   2.6847958e+02   1.7872079e+02
   2.5110000e+03   2.6798707e+02   1.7813037e+02
   2.5160000e+03   2.8892596e+02   1.8487133e+02
   2.5260000e+03   2.9827721e+02   1.8587376e+02
   2.5520000e+03   3.0332954e+02   1.8702530e+02
   2.5530000e+03   3.0461573e+02   1.8753795e+02
   2.5630000e+03   2.9516282e+02   1.8516978e+02
   2.5990000e+03   2.9934920e+02   1.8635063e+02
   2.6010000e+03   2.9706603e+02   1.8576020e+02
   2.6030000e+03   3.0043859e+02   1.8705462e+02
   2.6120000e+03   3.0160571e+02   1.8772929e+02
   2.6300000e+03   2.8425632e+02   1.8409602e+02
   2.6400000e+03   2.9984443e+02   1.8586730e+02
   2.6610000e+03   2.9654794e+02   1.8598086e+02
   2.6650000e+03   2.8655038e+02   1.8391114e+02
   2.6740000e+03   2.7612170e+02   1.8145873e+02
   2.6760000e+03   2.7482082e+02   1.8127384e+02
   2.6770000e+03   2.7591022e+02   1.8116028e+02
   2.6800000e+03   2.8237869e+02   1.8290225e+02
   2.6850000e+03   2.9526720e+02   1.8505622e+02
   2.7040000e+03   3.0352361e+02   1.8612997e+02
   2.7170000e+03   3.0253859e+02   1.8631486e+02
   2.7240000e+03   2.9935192e+02   1.8475777e+02
   2.7290000e+03   2.9070466e+02   1.8360624e+02
   2.7380000e+03   2.9965036e+02   1.8538398e+02
   2.7620000e+03   3.0003850e+02   1.8595155e+02
   2.7670000e+03   2.9040349e+02   1.8371980e+02
   2.7970000e+03   3.0272721e+02   1.8701884e+02
   2.8020000e+03   3.0401884e+02   1.8642842e+02
   2.8260000e+03   2.7640545e+02   1.8097540e+02
   2.8460000e+03   2.7582325e+02   1.8086830e+02
   2.8500000e+03   2.8028142e+02   1.8212694e+02
   2.8520000e+03   2.8535116e+02   1.8401824e+02
   2.8650000e+03   3.0121214e+02   1.8624353e+02
   2.8770000e+03   3.0584381e+02   1.8637645e+02
   2.8870000e+03   3.0521261e+02   1.8738861e+02
   2.8900000e+03   2.9737644e+02   1.8605865e+02
   2.9000000e+03   2.8246021e+02   1.8320069e+02
   2.9020000e+03   2.8920699e+02   1.8390468e+02
   2.9320000e+03   3.0371767e+02   1.8712594e+02
   2.9680000e+03   2.9140592e+02   1.8361270e+02
   2.9710000e+03   2.9378422e+02   1.8420312e+02
   2.9830000e+03   2.9971992e+02   1.8675617e+02
   2.9840000e+03   2.9942148e+02   1.8701884e+02
   2.9880000e+03   3.0042391e+02   1.8627285e+02
   3.0340000e+03   3.0051360e+02   1.8686327e+02
   3.0420000e+03   2.7451966e+02   1.8009299e+02
   3.0440000e+03   2.6995983e+02   1.7942478e+02
   3.0450000e+03   2.6856927e+02   1.7923990e+02
   3.0490000e+03   2.7800477e+02   1.8031365e+02
   3.0640000e+03   2.9558033e+02   1.8553954e+02
   3.0650000e+03   2.9558305e+02   1.8602287e+02
   3.0680000e+03   2.9764278e+02   1.8616575e+02
   3.0770000e+03   3.0370026e+02   1.8691174e+02
   3.0850000e+03   2.8653024e+02   1.8294449e+02
   3.1080000e+03   2.6062599e+02   1.7668684e+02
   3.1180000e+03   2.8672431e+02   1.8401824e+02
   3.1200000e+03   2.9170709e+02   1.8468645e+02
   3.1300000e+03   3.0103820e+02   1.8760927e+02
   3.1310000e+03   3.0052064e+02   1.8813103e+02
   3.1320000e+03   2.9945630e+02   1.8690528e+02
   3.1330000e+03   3.0164054e+02   1.8731729e+02
   3.1450000e+03   2.9416849e+02   1.8457301e+02
   3.1540000e+03   2.6618824e+02   1.7746216e+02
   3.1570000e+03   2.5865051e+02   1.7687172e+02
   3.1610000e+03   2.5448154e+02   1.7638840e+02
   3.1630000e+03   2.5318067e+02   1.7501620e+02
   3.1820000e+03   2.8702548e+02   1.8390468e+02
   3.1840000e+03   2.9149833e+02   1.8401824e+02
   3.2200000e+03   2.7820156e+02   1.8164361e+02
   3.2330000e+03   2.9239638e+02   1.8587376e+02
   3.2520000e+03   3.0386983e+02   1.8643805e+02
   3.2670000e+03   2.8913744e+02   1.8249025e+02
   3.2760000e+03   2.7164884e+02   1.7980101e+02
   3.2910000e+03   2.9746613e+02   1.8546822e+02
   3.3270000e+03   2.9050787e+02   1.8468645e+02
   3.3290000e+03   2.8573929e+02   1.8279515e+02
   3.3540000e+03   3.0442166e+02   1.8721019e+02
   3.3690000e+03   3.0463314e+02   1.8750863e+02
   3.3770000e+03   2.9555212e+02   1.8510808e+02
   3.3900000e+03   2.7015390e+02   1.7931122e+02
   3.3950000e+03   2.9040621e+02   1.8334357e+02
   3.4120000e+03   3.0290931e+02   1.8753795e+02
   3.4470000e+03   2.7214135e+02   1.8038497e+02
   3.4570000e+03   3.0234452e+02   1.8504976e+02
   3.4610000e+03   3.0095124e+02   1.8631486e+02
   3.4650000e+03   3.0408840e+02   1.8646419e+02
   3.4690000e+03   3.0410853e+02   1.8635063e+02
   3.4710000e+03   3.0241680e+02   1.8635063e+02
   3.4870000e+03   2.7929368e+02   1.8153005e+02
   3.4970000e+03   2.6400673e+02   1.7901278e+02
   3.4980000e+03   2.6747443e+02   1.7842235e+02
   3.5070000e+03   2.9906544e+02   1.8653552e+02
   3.5120000e+03   3.0063538e+02   1.8672040e+02
   3.5240000e+03   3.0032225e+02   1.8635063e+02
   3.5360000e+03   2.7672130e+02   1.8075474e+02
   3.5570000e+03   3.0331485e+02   1.8487133e+02
   3.5590000e+03   3.0182916e+02   1.8669108e+02
   3.5770000e+03   2.9808042e+02   1.8690528e+02
   3.5960000e+03   2.5854886e+02   1.7824393e+02
   3.6080000e+03   2.7642558e+02   1.8235406e+02
   3.6100000e+03   2.7978619e+02   1.8301581e+02
   3.6180000e+03   2.9764297e+02   1.8764771e+02
   3.6390000e+03   3.0243694e+02   1.8709663e+02
   3.6440000e+03   3.0033694e+02   1.8721019e+02
   3.6620000e+03   2.7085789e+02   1.8002167e+02
   3.6650000e+03   2.6897209e+02   1.7950256e+02
   3.6670000e+03   2.6679058e+02   1.7864301e+02
   3.6740000e+03   2.8306254e+02   1.8420312e+02
   3.6750000e+03   2.8464717e+02   1.8390468e+02
   3.6840000e+03   2.9668986e+02   1.8660684e+02
   3.6880000e+03   3.0162585e+02   1.8701884e+02
   3.6950000e+03   3.0234452e+02   1.8738861e+02
   3.7170000e+03   2.9161620e+02   1.8588339e+02
   3.7260000e+03   2.9774716e+02   1.8720373e+02
   3.7480000e+03   3.0350892e+02   1.8839104e+02
   3.7520000e+03   3.0329744e+02   1.8775860e+02
   3.7590000e+03   2.7303940e+02   1.7890568e+02
   3.7630000e+03   2.7077092e+02   1.7919766e+02
   3.7650000e+03   2.7224845e+02   1.8105318e+02
   3.7680000e+03   2.8008463e+02   1.8302227e+02
   3.7830000e+03   2.9733889e+02   1.8604573e+02
   3.8150000e+03   2.7927627e+02   1.8271737e+02
   3.8260000e+03   2.8982401e+02   1.8349914e+02
