   1.0000000e+00   3.0241712e+02   1.3229444e+02
   3.0000000e+01   2.8971855e+02   1.3508602e+02
   3.2000000e+01   2.9065253e+02   1.3526548e+02
   3.6000000e+01   2.9394303e+02   1.3357709e+02
   4.0000000e+01   3.0015367e+02   1.3219209e+02
   5.8000000e+01   2.9855045e+02   1.3303750e+02
   6.5000000e+01   2.9366928e+02   1.3452241e+02
   7.1000000e+01   2.8576331e+02   1.3554606e+02
   8.4000000e+01   2.8343642e+02   1.3610967e+02
   8.8000000e+01   2.8492596e+02   1.3554606e+02
   9.9000000e+01   3.0401583e+02   1.3211498e+02
   1.1600000e+02   3.0645641e+02   1.3145146e+02
   1.2600000e+02   2.9910954e+02   1.3227164e+02
   1.3100000e+02   2.9403965e+02   1.3424061e+02
   1.3400000e+02   2.9084222e+02   1.3498367e+02
   1.4100000e+02   2.8689053e+02   1.3534259e+02
   1.7900000e+02   3.0570762e+02   1.3181038e+02
   2.0400000e+02   2.8905736e+02   1.3444408e+02
   2.1700000e+02   2.8566218e+02   1.3554606e+02
   2.3100000e+02   3.0985610e+02   1.3229565e+02
   2.4600000e+02   2.9385447e+02   1.3518715e+02
   2.4800000e+02   2.9215914e+02   1.3580385e+02
   2.5200000e+02   2.8934013e+02   1.3562317e+02
   2.5400000e+02   2.8802676e+02   1.3646858e+02
   2.5700000e+02   2.8548151e+02   1.3657093e+02
   2.6700000e+02   2.8284318e+02   1.3657093e+02
   2.7400000e+02   2.8284318e+02   1.3508480e+02
   2.7700000e+02   2.8839262e+02   1.3554606e+02
   2.9400000e+02   3.0805513e+02   1.3086384e+02
   3.0400000e+02   2.9967766e+02   1.3152857e+02
   3.0500000e+02   2.9807895e+02   1.3329528e+02
   3.0900000e+02   2.9496912e+02   1.3460074e+02
   3.1200000e+02   2.9205350e+02   1.3572552e+02
   3.3000000e+02   2.8067184e+02   1.3592899e+02
   3.3700000e+02   2.8067635e+02   1.3544493e+02
   3.3800000e+02   2.8097071e+02   1.3516313e+02
   3.4400000e+02   2.8631436e+02   1.3526426e+02
   4.1500000e+02   2.7935944e+02   1.3480422e+02
   4.2100000e+02   2.7982643e+02   1.3406115e+02
   4.2800000e+02   2.8811533e+02   1.3311583e+02
   4.2900000e+02   2.8904931e+02   1.3367822e+02
   4.3500000e+02   2.9582806e+02   1.3201385e+02
   4.4200000e+02   3.0034691e+02   1.3116966e+02
   4.8200000e+02   2.8087409e+02   1.3498367e+02
   4.9300000e+02   2.8020936e+02   1.3506078e+02
   4.9600000e+02   2.8322160e+02   1.3385768e+02
   5.0400000e+02   2.9459521e+02   1.3255222e+02
   5.0500000e+02   3.0016172e+02   1.3152857e+02
   5.1100000e+02   3.0269892e+02   1.3032546e+02
   5.1500000e+02   3.0458395e+02   1.3014479e+02
   5.1800000e+02   3.0636785e+02   1.3014479e+02
   5.3100000e+02   2.9875625e+02   1.3099020e+02
   5.4100000e+02   2.9348410e+02   1.3301348e+02
   5.6400000e+02   2.8220357e+02   1.3424061e+02
   5.7500000e+02   2.9225124e+02   1.3283402e+02
   5.7900000e+02   2.9799489e+02   1.3181038e+02
   6.0100000e+02   2.9620648e+02   1.3229565e+02
   6.0400000e+02   2.9441002e+02   1.3191272e+02
   6.0500000e+02   2.9310568e+02   1.3191272e+02
   6.0700000e+02   2.9291598e+02   1.3265457e+02
   6.1100000e+02   2.9205801e+02   1.3255344e+02
   6.1800000e+02   2.8687796e+02   1.3311583e+02
   6.1900000e+02   2.8585993e+02   1.3367822e+02
   6.2200000e+02   2.8482934e+02   1.3367822e+02
   6.2400000e+02   2.8369761e+02   1.3367822e+02
   6.2700000e+02   2.8219100e+02   1.3442007e+02
   6.4200000e+02   2.8434528e+02   1.3321696e+02
   6.4500000e+02   2.8670985e+02   1.3311461e+02
   6.5100000e+02   2.9554626e+02   1.3134911e+02
   6.7400000e+02   2.9207057e+02   1.3116966e+02
   6.8500000e+02   2.8623835e+02   1.3265457e+02
   6.8900000e+02   2.8378972e+02   1.3301348e+02
   6.9500000e+02   2.8370566e+02   1.3378056e+02
   7.0200000e+02   2.8501001e+02   1.3329528e+02
   7.1700000e+02   2.9940842e+02   1.3145146e+02
   7.1900000e+02   2.9997654e+02   1.3032546e+02
   7.4100000e+02   2.8886766e+02   1.3329407e+02
   7.4800000e+02   2.8360002e+02   1.3470187e+02
   7.5200000e+02   2.8105928e+02   1.3424061e+02
   7.5900000e+02   2.8304898e+02   1.3406115e+02
   7.7400000e+02   3.0118426e+02   1.3098898e+02
   7.8000000e+02   3.0241261e+02   1.3004366e+02
   7.8500000e+02   2.9902549e+02   1.3201385e+02
   8.1200000e+02   2.8077297e+02   1.3452241e+02
   8.1400000e+02   2.8058778e+02   1.3413948e+02
   8.1900000e+02   2.7982192e+02   1.3490534e+02
   8.3900000e+02   2.9846993e+02   1.3170803e+02
   8.4500000e+02   2.9356815e+02   1.3285804e+02
   8.5000000e+02   2.8773594e+02   1.3385768e+02
   8.5500000e+02   2.8209439e+02   1.3413948e+02
   8.5900000e+02   2.8284318e+02   1.3413948e+02
   8.6700000e+02   2.7945155e+02   1.3498245e+02
   8.9400000e+02   2.9789376e+02   1.3188749e+02
   8.9600000e+02   2.9892887e+02   1.3134911e+02
   9.0300000e+02   2.9921067e+02   1.3209096e+02
   9.2200000e+02   2.8152627e+02   1.3424061e+02
   9.3800000e+02   2.9235237e+02   1.3329528e+02
   9.4000000e+02   2.9780519e+02   1.3163092e+02
   9.5600000e+02   2.9780519e+02   1.3247511e+02
   9.6400000e+02   2.8952886e+02   1.3357587e+02
   9.7100000e+02   2.8557362e+02   1.3431894e+02
   9.8500000e+02   2.8143770e+02   1.3480422e+02
   9.8600000e+02   2.8115590e+02   1.3470187e+02
   1.0240000e+03   2.7945606e+02   1.3564719e+02
   1.0330000e+03   2.8368054e+02   1.3406115e+02
   1.0360000e+03   2.8773240e+02   1.3339641e+02
   1.0380000e+03   2.8821195e+02   1.3339641e+02
   1.0640000e+03   2.8360454e+02   1.3564841e+02
   1.0650000e+03   2.8208987e+02   1.3536660e+02
   1.0660000e+03   2.8180807e+02   1.3488133e+02
   1.0780000e+03   2.8153432e+02   1.3544493e+02
   1.0860000e+03   2.8821195e+02   1.3357587e+02
   1.1000000e+03   2.9610535e+02   1.3229565e+02
   1.1080000e+03   2.9394657e+02   1.3267858e+02
   1.1390000e+03   2.8981066e+02   1.3329528e+02
   1.1510000e+03   2.9903000e+02   1.3050370e+02
   1.1690000e+03   2.8735752e+02   1.3321696e+02
   1.1710000e+03   2.8501001e+02   1.3257624e+02
   1.1730000e+03   2.8445446e+02   1.3273168e+02
   1.1900000e+03   2.8182063e+02   1.3339641e+02
   1.2010000e+03   2.9649279e+02   1.3257624e+02
   1.2060000e+03   2.9620197e+02   1.3319294e+02
   1.2330000e+03   2.8040260e+02   1.3413948e+02
   1.2580000e+03   2.9554174e+02   1.3247389e+02
   1.2640000e+03   3.0101164e+02   1.3155259e+02
   1.2650000e+03   3.0232855e+02   1.3078551e+02
   1.2770000e+03   3.1256592e+02   1.2912235e+02
   1.2980000e+03   2.9959811e+02   1.3152857e+02
   1.3040000e+03   2.9403965e+02   1.3219331e+02
   1.3130000e+03   2.8765639e+02   1.3403713e+02
   1.3150000e+03   2.8632692e+02   1.3385768e+02
   1.3310000e+03   2.8341130e+02   1.3452241e+02
   1.3370000e+03   2.8839713e+02   1.3396002e+02
   1.3380000e+03   2.9084577e+02   1.3367822e+02
   1.3450000e+03   2.9554174e+02   1.3255222e+02
   1.3520000e+03   2.9978330e+02   1.3293394e+02
   1.3660000e+03   3.0410440e+02   1.3109133e+02
   1.3690000e+03   3.0203419e+02   1.3127078e+02
   1.3700000e+03   3.0146607e+02   1.3106731e+02
   1.3760000e+03   2.9610535e+02   1.3191150e+02
   1.3790000e+03   2.9525994e+02   1.3267858e+02
   1.3800000e+03   2.9329086e+02   1.3237398e+02
   1.3820000e+03   2.9178876e+02   1.3331930e+02
   1.4040000e+03   2.7900163e+02   1.3536660e+02
   1.4130000e+03   2.7964929e+02   1.3506200e+02
   1.4210000e+03   2.8416009e+02   1.3442007e+02
   1.4250000e+03   2.8886863e+02   1.3347474e+02
   1.4280000e+03   2.9093884e+02   1.3275570e+02
   1.4310000e+03   2.9130470e+02   1.3255222e+02
   1.4350000e+03   2.9498619e+02   1.3367822e+02
   1.4370000e+03   2.9658491e+02   1.3293515e+02
   1.4470000e+03   3.0485319e+02   1.3116966e+02
   1.4600000e+03   2.8585542e+02   1.3321696e+02
   1.4620000e+03   2.8350341e+02   1.3470187e+02
   1.4630000e+03   2.8415558e+02   1.3442128e+02
   1.4730000e+03   2.7908118e+02   1.3470187e+02
   1.4770000e+03   2.7908118e+02   1.3544371e+02
   1.5050000e+03   3.0739844e+02   1.3116966e+02
   1.5290000e+03   2.8105477e+02   1.3498367e+02
   1.5560000e+03   2.8782902e+02   1.3459952e+02
   1.5610000e+03   2.9375785e+02   1.3319294e+02
   1.5650000e+03   2.9488957e+02   1.3339641e+02
   1.5720000e+03   3.0562711e+02   1.3127200e+02
   1.6000000e+03   2.8406347e+02   1.3339641e+02
   1.6120000e+03   2.7889245e+02   1.3498367e+02
   1.6210000e+03   2.7748246e+02   1.3536660e+02
   1.6320000e+03   2.8011628e+02   1.3544493e+02
   1.6430000e+03   2.9272274e+02   1.3406115e+02
   1.6560000e+03   3.0204675e+02   1.3139715e+02
   1.6750000e+03   2.8697909e+02   1.3385646e+02
   1.6800000e+03   2.8472370e+02   1.3405993e+02
   1.6860000e+03   2.7918231e+02   1.3582665e+02
   1.6940000e+03   2.7823577e+02   1.3590497e+02
   1.7010000e+03   2.8114334e+02   1.3480300e+02
   1.7160000e+03   3.0833693e+02   1.3086505e+02
   1.7190000e+03   3.0429763e+02   1.3201385e+02
   1.7360000e+03   2.9319778e+02   1.3470187e+02
   1.7380000e+03   2.9159907e+02   1.3480422e+02
   1.7450000e+03   2.8660421e+02   1.3434295e+02
   1.7600000e+03   2.7972884e+02   1.3544371e+02
   1.7730000e+03   2.7926636e+02   1.3621080e+02
   1.7800000e+03   2.8895269e+02   1.3339641e+02
   1.7890000e+03   3.0495432e+02   1.3060605e+02
   1.7990000e+03   2.9828475e+02   1.3265457e+02
   1.8100000e+03   2.8999585e+02   1.3331930e+02
   1.8110000e+03   2.8999585e+02   1.3285804e+02
   1.8220000e+03   2.8455107e+02   1.3329528e+02
   1.8300000e+03   2.8040260e+02   1.3383366e+02
   1.8430000e+03   2.7738585e+02   1.3490534e+02
   1.8490000e+03   2.8030598e+02   1.3226799e+02
   1.8530000e+03   2.8858232e+02   1.3180916e+02
   1.8660000e+03   3.0110021e+02   1.2930060e+02
   1.8790000e+03   2.9394303e+02   1.3227164e+02
   1.8830000e+03   2.9300003e+02   1.3227042e+02
   1.8910000e+03   2.8520325e+02   1.3424061e+02
   1.9040000e+03   2.7795396e+02   1.3554606e+02
   1.9140000e+03   2.7683029e+02   1.3564841e+02
   1.9530000e+03   2.8744608e+02   1.3385768e+02
   1.9610000e+03   2.8275912e+02   1.3367822e+02
   1.9650000e+03   2.7955268e+02   1.3639025e+02
   1.9690000e+03   2.7842095e+02   1.3695264e+02
   1.9740000e+03   2.7805058e+02   1.3677319e+02
   1.9800000e+03   2.8219100e+02   1.3528828e+02
   1.9990000e+03   3.0128088e+02   1.3339641e+02
   2.0010000e+03   3.0364546e+02   1.3406115e+02
   2.0040000e+03   3.0335915e+02   1.3388169e+02
   2.0060000e+03   3.0176043e+02   1.3436697e+02
   2.0120000e+03   2.9451920e+02   1.3452241e+02
   2.0250000e+03   2.8397040e+02   1.3544371e+02
   2.0320000e+03   2.8086508e+02   1.3600732e+02
   2.0430000e+03   2.8237973e+02   1.3498367e+02
   2.0450000e+03   2.8509407e+02   1.3508480e+02
   2.0610000e+03   2.9517137e+02   1.3470187e+02
   2.0660000e+03   2.9065253e+02   1.3488133e+02
   2.0680000e+03   2.8839262e+02   1.3526426e+02
   2.0710000e+03   2.8472370e+02   1.3526426e+02
   2.0750000e+03   2.8246025e+02   1.3470187e+02
   2.0790000e+03   2.8011628e+02   1.3424061e+02
   2.0830000e+03   2.7776427e+02   1.3572552e+02
   2.0860000e+03   2.7869825e+02   1.3536660e+02
   2.0970000e+03   2.8925157e+02   1.3395881e+02
   2.0980000e+03   2.9113208e+02   1.3377935e+02
   2.1020000e+03   2.9281936e+02   1.3359989e+02
   2.1110000e+03   3.0099908e+02   1.3285804e+02
   2.1310000e+03   2.8256492e+02   1.3544371e+02
   2.1400000e+03   2.7691435e+02   1.3592899e+02
   2.1530000e+03   2.9093433e+02   1.3424061e+02
   2.1540000e+03   2.9234786e+02   1.3462354e+02
   2.1640000e+03   2.9978330e+02   1.3352278e+02
   2.1940000e+03   2.8078553e+02   1.3516313e+02
   2.1980000e+03   2.7833238e+02   1.3610967e+02
   2.2610000e+03   2.8482483e+02   1.3403713e+02
   2.2660000e+03   2.8876750e+02   1.3393479e+02
   2.2860000e+03   2.9525994e+02   1.3329528e+02
   2.2980000e+03   2.8407603e+02   1.3424061e+02
   2.3010000e+03   2.8181613e+02   1.3480422e+02
   2.3070000e+03   2.7842095e+02   1.3603134e+02
   2.3180000e+03   2.7786089e+02   1.3554606e+02
   2.3290000e+03   2.8378972e+02   1.3564719e+02
   2.3330000e+03   2.8624287e+02   1.3526426e+02
   2.3410000e+03   2.9348861e+02   1.3498245e+02
   2.3440000e+03   2.9630761e+02   1.3424061e+02
   2.3610000e+03   2.7852208e+02   1.3631193e+02
   2.3670000e+03   2.7605186e+02   1.3649138e+02
   2.3710000e+03   2.7588375e+02   1.3593021e+02
   2.3750000e+03   2.7663254e+02   1.3631314e+02
   2.4060000e+03   2.8247732e+02   1.3498245e+02
   2.4260000e+03   2.7748246e+02   1.3620958e+02
   2.4360000e+03   2.7560195e+02   1.3621080e+02
   2.4400000e+03   2.7870275e+02   1.3592899e+02
   2.4420000e+03   2.8171950e+02   1.3506078e+02
   2.4430000e+03   2.8341935e+02   1.3488133e+02
   2.4530000e+03   2.9300455e+02   1.3439605e+02
   2.4600000e+03   2.9647572e+02   1.3405993e+02
   2.4610000e+03   2.9658136e+02   1.3490534e+02
   2.4630000e+03   2.9544513e+02   1.3416350e+02
   2.4660000e+03   2.9403965e+02   1.3403713e+02
   2.4680000e+03   2.9168313e+02   1.3424304e+02
   2.4740000e+03   2.8821195e+02   1.3434295e+02
   2.4900000e+03   2.7794945e+02   1.3574954e+02
   2.4930000e+03   2.7805058e+02   1.3628791e+02
   2.4940000e+03   2.7823577e+02   1.3582786e+02
   2.5010000e+03   2.8425671e+02   1.3470187e+02
   2.5020000e+03   2.8558618e+02   1.3431772e+02
   2.5040000e+03   2.8623030e+02   1.3449718e+02
   2.5100000e+03   2.9215462e+02   1.3388169e+02
   2.5220000e+03   2.9318522e+02   1.3301348e+02
   2.5380000e+03   2.8208987e+02   1.3526426e+02
   2.5520000e+03   2.8021741e+02   1.3395759e+02
   2.5610000e+03   2.9630761e+02   1.3339641e+02
   2.5760000e+03   2.9619392e+02   1.3349754e+02
   2.5820000e+03   2.9243643e+02   1.3544371e+02
   2.5970000e+03   2.7776427e+02   1.3544371e+02
   2.6020000e+03   2.7701548e+02   1.3526426e+02
   2.6050000e+03   2.7909825e+02   1.3526426e+02
   2.6160000e+03   2.9873917e+02   1.3219209e+02
   2.6500000e+03   2.7813464e+02   1.3592899e+02
   2.6570000e+03   2.7700291e+02   1.3574954e+02
   2.6660000e+03   2.8679842e+02   1.3646737e+02
   2.6830000e+03   2.9244899e+02   1.3564719e+02
   2.6940000e+03   2.7738133e+02   1.3600610e+02
   2.7000000e+03   2.7691435e+02   1.3582665e+02
   2.7060000e+03   2.7626217e+02   1.3713210e+02
   2.7170000e+03   2.8896976e+02   1.3580263e+02
   2.7400000e+03   2.9583611e+02   1.3462354e+02
   2.7470000e+03   2.9508732e+02   1.3367700e+02
   2.7740000e+03   2.7918231e+02   1.3805340e+02
   2.7770000e+03   2.7927892e+02   1.3749223e+02
   2.7850000e+03   2.7683029e+02   1.3771972e+02
   2.8000000e+03   2.8944029e+02   1.3610845e+02
   2.8230000e+03   2.9997654e+02   1.3367822e+02
   2.8300000e+03   2.9403965e+02   1.3590497e+02
   2.8310000e+03   2.9300003e+02   1.3582665e+02
   2.8390000e+03   2.8567024e+02   1.3713210e+02
   2.8410000e+03   2.8416009e+02   1.3713210e+02
   2.8440000e+03   2.8190018e+02   1.3769571e+02
   2.8450000e+03   2.8256943e+02   1.3787517e+02
   2.8570000e+03   2.7701096e+02   1.3797752e+02
   2.8590000e+03   2.7683029e+02   1.3805462e+02
   2.8600000e+03   2.7598037e+02   1.3769571e+02
   2.8690000e+03   2.8924705e+02   1.3600610e+02
   2.8730000e+03   2.9413627e+02   1.3667206e+02
   2.8760000e+03   2.9677009e+02   1.3490534e+02
   2.8790000e+03   2.9884030e+02   1.3380458e+02
   2.8880000e+03   2.9827670e+02   1.3462354e+02
   2.9180000e+03   2.7916974e+02   1.3659373e+02
   2.9440000e+03   3.0015721e+02   1.3442007e+02
   2.9700000e+03   2.7456233e+02   1.3685151e+02
   2.9730000e+03   2.8520776e+02   1.3554606e+02
   2.9770000e+03   2.9084577e+02   1.3631193e+02
   2.9810000e+03   2.9479295e+02   1.3444408e+02
   2.9820000e+03   2.9470439e+02   1.3472467e+02
   2.9870000e+03   2.9987992e+02   1.3303750e+02
   2.9920000e+03   3.0136945e+02   1.3321696e+02
   3.0060000e+03   2.9526799e+02   1.3508358e+02
   3.0100000e+03   2.9131726e+02   1.3396002e+02
   3.0290000e+03   2.7616555e+02   1.3628791e+02
   3.0340000e+03   2.7805509e+02   1.3590497e+02
   3.0400000e+03   2.8482934e+02   1.3480300e+02
   3.0600000e+03   2.9103546e+02   1.3413948e+02
   3.0610000e+03   2.9018103e+02   1.3488133e+02
   3.0650000e+03   2.8472821e+02   1.3574954e+02
   3.0770000e+03   2.7700291e+02   1.3721043e+02
   3.0880000e+03   2.7578262e+02   1.3759336e+02
   3.1080000e+03   2.9433853e+02   1.3500769e+02
   3.1130000e+03   2.9866768e+02   1.3370102e+02
   3.1610000e+03   2.9733821e+02   1.3349876e+02
   3.1620000e+03   2.9789376e+02   1.3265457e+02
   3.1740000e+03   2.8989923e+02   1.3534137e+02
   3.1760000e+03   2.8651211e+02   1.3564719e+02
   3.1850000e+03   2.8012885e+02   1.3488133e+02
   3.1890000e+03   2.7683029e+02   1.3610845e+02
   3.1900000e+03   2.7513496e+02   1.3674917e+02
   3.2020000e+03   2.9752790e+02   1.3406115e+02
   3.2200000e+03   2.8285574e+02   1.3610967e+02
   3.2220000e+03   2.8058778e+02   1.3628912e+02
   3.2300000e+03   2.7635879e+02   1.3610967e+02
   3.2380000e+03   2.8332724e+02   1.3536660e+02
   3.2460000e+03   2.9460777e+02   1.3406115e+02
   3.2530000e+03   2.9932887e+02   1.3265335e+02
   3.2580000e+03   2.9631212e+02   1.3301348e+02
   3.2960000e+03   2.7861419e+02   1.3526426e+02
   3.3020000e+03   2.8934367e+02   1.3413826e+02
   3.3090000e+03   2.9621904e+02   1.3313863e+02
   3.3650000e+03   2.9677009e+02   1.3413826e+02
   3.3670000e+03   2.9751083e+02   1.3342043e+02
   3.3730000e+03   2.9742226e+02   1.3255100e+02
   3.3800000e+03   2.9113208e+02   1.3454521e+02
   3.3840000e+03   2.8802676e+02   1.3452241e+02
   3.3930000e+03   2.7927087e+02   1.3646737e+02
   3.4160000e+03   2.9093433e+02   1.3498367e+02
   3.4360000e+03   2.9337492e+02   1.3436697e+02
   3.4490000e+03   2.8284769e+02   1.3582665e+02
   3.4530000e+03   2.8049116e+02   1.3695264e+02
   3.4580000e+03   2.7927087e+02   1.3731156e+02
   3.4600000e+03   2.7803802e+02   1.3695264e+02
   3.4710000e+03   2.7635074e+02   1.3774880e+02
   3.4740000e+03   2.8237619e+02   1.3685030e+02
   3.4900000e+03   3.0166382e+02   1.3285804e+02
   3.4990000e+03   2.8529181e+02   1.3470187e+02
   3.5050000e+03   2.7898907e+02   1.3574954e+02
   3.5190000e+03   2.7748246e+02   1.3582665e+02
   3.5390000e+03   2.8689504e+02   1.3536539e+02
   3.5430000e+03   2.9292049e+02   1.3349876e+02
   3.5520000e+03   2.9949699e+02   1.3331809e+02
   3.5550000e+03   3.0259779e+02   1.3362391e+02
   3.5600000e+03   3.0438169e+02   1.3344445e+02
   3.5640000e+03   2.9995946e+02   1.3245109e+02
   3.5770000e+03   2.8471114e+02   1.3452241e+02
   3.5820000e+03   2.7898456e+02   1.3585067e+02
   3.5910000e+03   2.8481227e+02   1.3413948e+02
   3.6070000e+03   2.9423740e+02   1.3424061e+02
   3.6140000e+03   2.8670985e+02   1.3480422e+02
   3.6210000e+03   2.8170694e+02   1.3554606e+02
   3.6250000e+03   2.7945606e+02   1.3618556e+02
   3.6350000e+03   2.7541225e+02   1.3713332e+02
   3.6360000e+03   2.7560195e+02   1.3600732e+02
   3.6380000e+03   2.7598488e+02   1.3656971e+02
   3.6570000e+03   2.9714851e+02   1.3377935e+02
   3.6700000e+03   3.1032308e+02   1.3014601e+02
   3.6790000e+03   3.1284773e+02   1.3060605e+02
   3.6840000e+03   3.1040715e+02   1.3183439e+02
   3.7070000e+03   2.9111952e+02   1.3413826e+02
   3.7080000e+03   2.8944480e+02   1.3367822e+02
   3.7200000e+03   2.7916523e+02   1.3592899e+02
   3.7230000e+03   2.7626217e+02   1.3572552e+02
   3.7530000e+03   2.9262966e+02   1.3413826e+02
   3.7740000e+03   3.0597235e+02   1.3117087e+02
   3.7970000e+03   2.9365221e+02   1.3480300e+02
   3.8010000e+03   2.8586444e+02   1.3516313e+02
   3.8250000e+03   2.7437715e+02   1.3667206e+02
   3.8330000e+03   2.8519971e+02   1.3557008e+02
   3.8350000e+03   2.8726541e+02   1.3470187e+02
   3.8510000e+03   3.0645641e+02   1.3134790e+02
   3.8660000e+03   3.0815174e+02   1.3229565e+02
   3.8670000e+03   3.0786543e+02   1.3247511e+02
   3.8760000e+03   2.9986285e+02   1.3360111e+02
   3.8840000e+03   2.9413627e+02   1.3564719e+02
   3.8880000e+03   2.8849826e+02   1.3536660e+02
   3.8990000e+03   2.7729277e+02   1.3649260e+02
   3.9220000e+03   2.7842095e+02   1.3582665e+02
   3.9290000e+03   2.8623030e+02   1.3498245e+02
   3.9300000e+03   2.8699617e+02   1.3603134e+02
   3.9360000e+03   2.9253756e+02   1.3505956e+02
   3.9470000e+03   2.9188087e+02   1.3528828e+02
   3.9500000e+03   2.9169635e+02   1.3659034e+02
   3.9510000e+03   2.9074915e+02   1.3600610e+02
   3.9680000e+03   2.7447827e+02   1.3628791e+02
   3.9970000e+03   2.9375785e+02   1.3582665e+02
   4.0140000e+03   2.7701096e+02   1.3618678e+02
   4.0410000e+03   2.8783353e+02   1.3452119e+02
   4.0590000e+03   2.9414078e+02   1.3349754e+02
   4.0630000e+03   2.9074110e+02   1.3395881e+02
   4.0640000e+03   2.9046735e+02   1.3470065e+02
   4.0800000e+03   2.7569857e+02   1.3610845e+02
   4.0810000e+03   2.7531563e+02   1.3554606e+02
   4.0840000e+03   2.7409534e+02   1.3608443e+02
   4.0910000e+03   2.7879132e+02   1.3552204e+02
   4.0950000e+03   2.9263869e+02   1.3319294e+02
   4.1040000e+03   2.9809602e+02   1.3377935e+02
   4.1230000e+03   2.8756428e+02   1.3610845e+02
   4.1260000e+03   2.8876750e+02   1.3459952e+02
   4.1320000e+03   2.9592468e+02   1.3516191e+02
   4.1450000e+03   3.0241712e+02   1.3388169e+02
   4.1520000e+03   2.9603386e+02   1.3618556e+02
   4.1800000e+03   2.9046283e+02   1.3621080e+02
   4.1900000e+03   2.9602130e+02   1.3546773e+02
   4.1980000e+03   2.9762452e+02   1.3293637e+02
   4.2050000e+03   2.9404416e+02   1.3480300e+02
   4.2190000e+03   2.8001966e+02   1.3488011e+02
   4.2270000e+03   2.7285798e+02   1.3618556e+02
   4.2520000e+03   2.9705640e+02   1.3431772e+02
   4.2560000e+03   2.9254207e+02   1.3544371e+02
   4.2590000e+03   2.8905382e+02   1.3631193e+02
   4.2630000e+03   2.8680293e+02   1.3554606e+02
   4.2710000e+03   2.7975042e+02   1.3646858e+02
   4.2760000e+03   2.7606442e+02   1.3705499e+02
   4.3000000e+03   2.9056847e+02   1.3562317e+02
   4.3030000e+03   2.9384642e+02   1.3544371e+02
   4.3280000e+03   2.7436910e+02   1.3628912e+02
   4.3420000e+03   2.7183190e+02   1.3685151e+02
   4.3600000e+03   2.8511114e+02   1.3490534e+02
   4.3710000e+03   2.9667798e+02   1.3367822e+02
   4.3730000e+03   2.9714948e+02   1.3313985e+02
   4.3740000e+03   2.9733821e+02   1.3331930e+02
   4.3780000e+03   2.9714497e+02   1.3347353e+02
   4.3820000e+03   2.9028216e+02   1.3470187e+02
   4.3920000e+03   2.7606442e+02   1.3657093e+02
   4.3960000e+03   2.7409534e+02   1.3516191e+02
   4.4580000e+03   2.9432146e+02   1.3349876e+02
   4.4790000e+03   2.7653592e+02   1.3526304e+02
   4.4810000e+03   2.7493721e+02   1.3610845e+02
