   1.0000000e+00   3.4013454e+02   2.1269279e+02
   1.3000000e+01   3.0670362e+02   2.0740891e+02
   3.2000000e+01   2.6377681e+02   2.0513111e+02
   4.1000000e+01   2.8085222e+02   2.0675107e+02
   7.7000000e+01   3.5713206e+02   2.1617591e+02
   8.1000000e+01   3.5170044e+02   2.1572987e+02
   8.4000000e+01   3.4317891e+02   2.1361589e+02
   9.1000000e+01   3.1925710e+02   2.0912775e+02
   9.4000000e+01   3.1172502e+02   2.0886251e+02
   9.9000000e+01   2.9521561e+02   2.0622057e+02
   1.1300000e+02   2.6224048e+02   2.0451870e+02
   1.2100000e+02   2.7155577e+02   2.0716317e+02
   1.3100000e+02   3.0003943e+02   2.0707872e+02
   1.4200000e+02   3.4078977e+02   2.1236513e+02
   1.5700000e+02   3.5638761e+02   2.1517090e+02
   1.9900000e+02   2.6467704e+02   2.0597229e+02
   2.0000000e+02   2.6459915e+02   2.0640390e+02
   2.0500000e+02   2.8311979e+02   2.0816818e+02
   2.1300000e+02   3.0914018e+02   2.0802132e+02
   2.2000000e+02   3.3395659e+02   2.1076468e+02
   2.2200000e+02   3.3757830e+02   2.1125616e+02
   2.2500000e+02   3.4470015e+02   2.1238210e+02
   2.5300000e+02   3.3156558e+02   2.0972066e+02
   2.5500000e+02   3.2461271e+02   2.0886251e+02
   2.5600000e+02   3.2169178e+02   2.0836848e+02
   2.5900000e+02   3.1411415e+02   2.0808373e+02
   2.8000000e+02   2.8690674e+02   2.0664965e+02
   2.9200000e+02   3.3255878e+02   2.1099092e+02
   3.0800000e+02   3.5358637e+02   2.1439212e+02
   3.1200000e+02   3.5539816e+02   2.1517090e+02
   3.2400000e+02   3.4235656e+02   2.1166827e+02
   3.3300000e+02   3.1428126e+02   2.0783799e+02
   3.4100000e+02   2.9098423e+02   2.0622057e+02
   3.4600000e+02   2.7879731e+02   2.0656773e+02
   3.5700000e+02   2.7761028e+02   2.0699681e+02
   3.5800000e+02   2.8019699e+02   2.0777558e+02
   3.6400000e+02   3.0119599e+02   2.0757274e+02
   3.7200000e+02   3.3033676e+02   2.0972066e+02
   3.8000000e+02   3.4820029e+02   2.1343255e+02
   3.8200000e+02   3.5107567e+02   2.1361589e+02
   3.9200000e+02   3.5638761e+02   2.1609400e+02
   4.0000000e+02   3.5437637e+02   2.1513443e+02
   4.1300000e+02   3.1164901e+02   2.0785749e+02
   4.2500000e+02   2.8596284e+02   2.0562513e+02
   4.2700000e+02   2.8282737e+02   2.0595532e+02
   4.3400000e+02   2.7044288e+02   2.0496728e+02
   4.4300000e+02   2.7032132e+02   2.0646631e+02
   4.4800000e+02   2.9390703e+02   2.0793941e+02
   4.4900000e+02   2.9803194e+02   2.0861676e+02
   4.7700000e+02   3.5420926e+02   2.1562591e+02
   4.8100000e+02   3.5029888e+02   2.1312186e+02
   4.8200000e+02   3.5037490e+02   2.1388113e+02
   4.8500000e+02   3.4564218e+02   2.1277470e+02
   4.9000000e+02   3.2922200e+02   2.0994943e+02
   4.9600000e+02   3.1012588e+02   2.0726205e+02
   5.1100000e+02   2.7452037e+02   2.0546130e+02
   5.1600000e+02   2.6780875e+02   2.0544179e+02
   5.1900000e+02   2.6991109e+02   2.0570704e+02
   5.4500000e+02   3.4651007e+02   2.1326872e+02
   5.8100000e+02   2.8323948e+02   2.0675107e+02
   5.8700000e+02   2.7073155e+02   2.0589037e+02
   5.9200000e+02   2.6426493e+02   2.0578896e+02
   5.9700000e+02   2.6435603e+02   2.0597229e+02
   6.0000000e+02   2.6682117e+02   2.0638440e+02
   6.0400000e+02   2.7640817e+02   2.0728156e+02
   6.0700000e+02   2.8816977e+02   2.0734397e+02
   6.1600000e+02   3.1839109e+02   2.0853231e+02
   6.2200000e+02   3.3799040e+02   2.1135758e+02
   6.2900000e+02   3.4757553e+02   2.1322328e+02
   6.3400000e+02   3.5466504e+02   2.1467688e+02
   6.3900000e+02   3.5643129e+02   2.1515139e+02
   6.5800000e+02   3.3185613e+02   2.0912775e+02
   6.6700000e+02   2.9933678e+02   2.0546130e+02
   6.6900000e+02   2.9419570e+02   2.0537939e+02
   6.7500000e+02   2.7678607e+02   2.0480345e+02
   6.7700000e+02   2.7205523e+02   2.0488536e+02
   6.8100000e+02   2.6476439e+02   2.0445629e+02
   6.8700000e+02   2.6621337e+02   2.0597229e+02
   6.8800000e+02   2.6876961e+02   2.0648582e+02
   6.8900000e+02   2.7118921e+02   2.0644037e+02
   6.9200000e+02   2.7731974e+02   2.0684994e+02
   7.2400000e+02   3.5486449e+02   2.1447404e+02
   7.2600000e+02   3.5532027e+02   2.1472232e+02
   7.3000000e+02   3.5679597e+02   2.1472232e+02
   7.4900000e+02   3.1382360e+02   2.0718014e+02
   7.7700000e+02   2.7041054e+02   2.0595532e+02
   7.7800000e+02   2.8830642e+02   2.0656773e+02
   7.9000000e+02   3.1877086e+02   2.0820466e+02
   8.0300000e+02   3.4918787e+02   2.1386416e+02
   8.1600000e+02   3.5725363e+02   2.1551806e+02
   8.3100000e+02   3.2199638e+02   2.0818928e+02
   8.3600000e+02   3.0904721e+02   2.0683298e+02
   8.7600000e+02   3.5597551e+02   2.1535423e+02
   8.7900000e+02   3.5492151e+02   2.1584175e+02
   8.8400000e+02   3.4860865e+02   2.1388113e+02
   8.8500000e+02   3.4617585e+02   2.1279421e+02
   8.9200000e+02   3.2715461e+02   2.0927079e+02
   9.1700000e+02   3.3436682e+02   2.1244704e+02
   9.1900000e+02   3.3980032e+02   2.1209735e+02
   9.2000000e+02   3.4289206e+02   2.1229903e+02
   9.2200000e+02   3.4667718e+02   2.1269279e+02
   9.2600000e+02   3.5054201e+02   2.1404496e+02
   9.6300000e+02   2.7515025e+02   2.0441424e+02
   9.6600000e+02   2.7077523e+02   2.0377893e+02
   9.6800000e+02   2.6748961e+02   2.0394276e+02
   9.9200000e+02   3.3677845e+02   2.1216016e+02
   9.9700000e+02   3.4511038e+02   2.1254593e+02
   1.0000000e+03   3.4803131e+02   2.1379922e+02
   1.0220000e+03   3.2652762e+02   2.0899755e+02
   1.0280000e+03   3.0715941e+02   2.0689539e+02
   1.0370000e+03   2.8685931e+02   2.0504919e+02
   1.0480000e+03   2.8604727e+02   2.0605123e+02
   1.0530000e+03   3.0324903e+02   2.0707872e+02
   1.0590000e+03   3.2765895e+02   2.1107537e+02
   1.0710000e+03   3.5245943e+02   2.1511990e+02
   1.0940000e+03   3.4902076e+02   2.1388113e+02
   1.1060000e+03   3.5387504e+02   2.1609400e+02
   1.1120000e+03   3.5646605e+02   2.1637228e+02
   1.1280000e+03   2.9666085e+02   2.0709823e+02
   1.1310000e+03   2.8629518e+02   2.0683298e+02
   1.1420000e+03   2.8658093e+02   2.0707578e+02
   1.1500000e+03   3.1230424e+02   2.0902633e+02
   1.1600000e+03   2.9262891e+02   2.0622057e+02
   1.1680000e+03   3.2065713e+02   2.0865581e+02
   1.1710000e+03   3.3576651e+02   2.1015227e+02
   1.1810000e+03   3.5367747e+02   2.1271229e+02
   1.1820000e+03   3.5479995e+02   2.1259723e+02
   1.2030000e+03   3.3424526e+02   2.0836848e+02
   1.2300000e+03   2.6611852e+02   2.0523253e+02
   1.2340000e+03   2.8102018e+02   2.0632897e+02
   1.2410000e+03   3.0172966e+02   2.0640390e+02
   1.2720000e+03   3.5787652e+02   2.1242754e+02
   1.2760000e+03   3.5218752e+02   2.1154772e+02
   1.2810000e+03   3.3585760e+02   2.0896392e+02
   1.2820000e+03   3.3391292e+02   2.0771064e+02
   1.2840000e+03   3.2692109e+02   2.0680508e+02
   1.2870000e+03   3.1650328e+02   2.0628298e+02
   1.2950000e+03   2.9625061e+02   2.0513364e+02
   1.3060000e+03   2.7658227e+02   2.0449615e+02
   1.3110000e+03   2.7357647e+02   2.0572655e+02
   1.3260000e+03   3.1724962e+02   2.0742588e+02
   1.3310000e+03   3.2938262e+02   2.0940966e+02
   1.3330000e+03   3.3827908e+02   2.1039801e+02
   1.3390000e+03   3.4984310e+02   2.1090900e+02
   1.3450000e+03   3.5517423e+02   2.1218512e+02
   1.3660000e+03   3.3564494e+02   2.0843343e+02
   1.3850000e+03   3.0052567e+02   2.0460061e+02
   1.3910000e+03   2.9226325e+02   2.0330072e+02
   1.3970000e+03   2.7575295e+02   2.0281936e+02
   1.4110000e+03   2.9946021e+02   2.0519605e+02
   1.4330000e+03   3.5374166e+02   2.1162963e+02
   1.4340000e+03   3.5442380e+02   2.1176969e+02
   1.4410000e+03   3.5783284e+02   2.1201543e+02
   1.4420000e+03   3.5842269e+02   2.1295688e+02
   1.4880000e+03   3.0016099e+02   2.0546130e+02
   1.4910000e+03   3.1049244e+02   2.0630248e+02
   1.5080000e+03   3.5166345e+02   2.1106710e+02
   1.5160000e+03   3.5713206e+02   2.1297754e+02
   1.5190000e+03   3.5737519e+02   2.1219877e+02
   1.5340000e+03   3.4142221e+02   2.0807537e+02
   1.5390000e+03   3.2156835e+02   2.0597229e+02
   1.5590000e+03   2.7476162e+02   2.0537939e+02
   1.5780000e+03   2.9861998e+02   2.0510408e+02
   1.5800000e+03   3.0534949e+02   2.0544179e+02
   1.6150000e+03   3.5766573e+02   2.1176969e+02
   1.6300000e+03   3.2470213e+02   2.0648829e+02
   1.6310000e+03   3.2164624e+02   2.0611915e+02
   1.6360000e+03   3.0769308e+02   2.0517655e+02
   1.6400000e+03   2.9759047e+02   2.0527495e+02
   1.6570000e+03   2.7509584e+02   2.0607371e+02
   1.6890000e+03   3.5433270e+02   2.1232612e+02
   1.6940000e+03   3.5722420e+02   2.1293192e+02
   1.6980000e+03   3.5754230e+02   2.1242500e+02
   1.7010000e+03   3.5708652e+02   2.1277470e+02
   1.7130000e+03   3.2925201e+02   2.0730361e+02
   1.7140000e+03   3.2659161e+02   2.0722558e+02
   1.7170000e+03   3.2000343e+02   2.0646631e+02
   1.7180000e+03   3.1691283e+02   2.0670908e+02
   1.7190000e+03   3.1452438e+02   2.0623754e+02
   1.7790000e+03   3.5766386e+02   2.1226117e+02
   1.7800000e+03   3.5831072e+02   2.1285001e+02
   1.7810000e+03   3.5853175e+02   2.1353397e+02
   1.8000000e+03   3.1925710e+02   2.0546130e+02
   1.8060000e+03   3.0064116e+02   2.0451660e+02
   1.8210000e+03   2.7410826e+02   2.0462012e+02
   1.8310000e+03   2.9745085e+02   2.0511414e+02
   1.8320000e+03   3.0097913e+02   2.0441424e+02
   1.8500000e+03   3.4704186e+02   2.0929158e+02
   1.8590000e+03   3.5848620e+02   2.1031610e+02
   1.8640000e+03   3.6010798e+02   2.1063004e+02
   1.8740000e+03   3.6239658e+02   2.1195302e+02
   1.8900000e+03   3.1691539e+02   2.0486586e+02
   1.9140000e+03   3.4937035e+02   2.1140885e+02
   1.9180000e+03   3.5343247e+02   2.1158636e+02
   1.9480000e+03   2.8504939e+02   2.0624008e+02
   1.9500000e+03   2.7765016e+02   2.0546374e+02
   1.9520000e+03   2.7159757e+02   2.0554321e+02
   1.9610000e+03   2.5352137e+02   2.0570704e+02
   1.9690000e+03   2.5893560e+02   2.0705082e+02
   1.9750000e+03   2.7946575e+02   2.0681347e+02
   1.9780000e+03   2.9139446e+02   2.0478395e+02
   1.9840000e+03   3.0356278e+02   2.0636097e+02
   1.9860000e+03   3.1057033e+02   2.0775608e+02
   2.0060000e+03   3.5099966e+02   2.1170474e+02
   2.0310000e+03   2.9255379e+02   2.0557766e+02
   2.0330000e+03   2.8773095e+02   2.0572655e+02
   2.0420000e+03   2.7089679e+02   2.0580846e+02
   2.0450000e+03   2.6790421e+02   2.0627906e+02
   2.0760000e+03   3.4136711e+02   2.1056184e+02
   2.0820000e+03   3.5042045e+02   2.1185160e+02
   2.0830000e+03   3.5086747e+02   2.1204625e+02
   2.0840000e+03   3.5170044e+02   2.1287612e+02
   2.0870000e+03   3.5322169e+02   2.1303995e+02
   2.0970000e+03   3.4962307e+02   2.1204625e+02
   2.0990000e+03   3.4346758e+02   2.1150444e+02
   2.1270000e+03   2.8258425e+02   2.0620107e+02
   2.1340000e+03   2.9034443e+02   2.0690491e+02
   2.1350000e+03   2.9485093e+02   2.0631945e+02
   2.1420000e+03   3.1530117e+02   2.0777304e+02
   2.1430000e+03   3.2224910e+02   2.0835311e+02
   2.1520000e+03   3.4259968e+02   2.1166827e+02
   2.1580000e+03   3.4914232e+02   2.1242754e+02
   2.1640000e+03   3.5245943e+02   2.1314821e+02
   2.1770000e+03   3.5075467e+02   2.1183210e+02
   2.2030000e+03   2.7686396e+02   2.0603724e+02
   2.2130000e+03   2.8230296e+02   2.0574853e+02
   2.2250000e+03   3.1584993e+02   2.0802132e+02
   2.2350000e+03   3.4272312e+02   2.1107537e+02
   2.2760000e+03   3.0456460e+02   2.0646334e+02
   2.2780000e+03   2.9974888e+02   2.0587341e+02
   2.2950000e+03   2.7592006e+02   2.0589037e+02
   2.3200000e+03   3.4534455e+02   2.1204625e+02
   2.3350000e+03   3.4136899e+02   2.0986752e+02
   2.3590000e+03   3.1317025e+02   2.0740891e+02
   2.3660000e+03   3.3577718e+02   2.0971236e+02
   2.3680000e+03   3.4078977e+02   2.1029659e+02
   2.3710000e+03   3.4498882e+02   2.1066326e+02
   2.3740000e+03   3.4883668e+02   2.1063004e+02
   2.3860000e+03   3.5416371e+02   2.1263038e+02
   2.3930000e+03   3.4231101e+02   2.1007036e+02
   2.3940000e+03   3.4055154e+02   2.0990368e+02
   2.4000000e+03   3.2507224e+02   2.0767416e+02
   2.4040000e+03   3.1749274e+02   2.0656773e+02
   2.4200000e+03   2.9409833e+02   2.0568452e+02
   2.4340000e+03   3.0250458e+02   2.0661317e+02
   2.4350000e+03   3.0605027e+02   2.0605674e+02
   2.4480000e+03   3.4481088e+02   2.1145876e+02
   2.4610000e+03   3.5408770e+02   2.1320632e+02
   2.4690000e+03   3.4156469e+02   2.0972066e+02
   2.4760000e+03   3.2064809e+02   2.0740597e+02
   2.4900000e+03   2.8048566e+02   2.0453820e+02
   2.5060000e+03   2.8842986e+02   2.0494777e+02
   2.5080000e+03   2.9475356e+02   2.0543174e+02
   2.5090000e+03   2.9629429e+02   2.0527797e+02
   2.5140000e+03   3.0991510e+02   2.0648582e+02
   2.5150000e+03   3.1652895e+02   2.0743543e+02
   2.5210000e+03   3.3205557e+02   2.0945541e+02
   2.5240000e+03   3.3765618e+02   2.0947491e+02
   2.5290000e+03   3.4724472e+02   2.1149527e+02
   2.5430000e+03   3.3601151e+02   2.0912775e+02
   2.5670000e+03   2.6908687e+02   2.0562513e+02
   2.5890000e+03   3.0266442e+02   2.0571653e+02
   2.6100000e+03   3.0184935e+02   2.0607371e+02
