   1.0000000e+00   3.6183485e+02   1.9527201e+02
   2.0000000e+00   3.5820597e+02   1.9655626e+02
   1.6000000e+01   3.1785095e+02   1.9082734e+02
   2.2000000e+01   3.0861322e+02   1.9128165e+02
   3.0000000e+01   3.3240988e+02   1.9445956e+02
   3.1000000e+01   3.3623701e+02   1.9502752e+02
   4.1000000e+01   3.6172120e+02   1.9784051e+02
   4.3000000e+01   3.6495358e+02   1.9834305e+02
   5.1000000e+01   3.6794907e+02   1.9870119e+02
   5.2000000e+01   3.6929086e+02   1.9931060e+02
   7.8000000e+01   3.0549929e+02   1.9078589e+02
   1.1500000e+02   3.5872092e+02   1.9666991e+02
   1.2300000e+02   3.6981060e+02   2.0000941e+02
   1.2400000e+02   3.7027478e+02   2.0000941e+02
   1.4100000e+02   3.4250350e+02   1.9349200e+02
   1.4400000e+02   3.3406357e+02   1.9250048e+02
   1.6400000e+02   3.0664283e+02   1.9171200e+02
   1.8900000e+02   3.6618172e+02   1.9773364e+02
   1.9900000e+02   3.6958657e+02   1.9840083e+02
   2.0100000e+02   3.7047303e+02   1.9933458e+02
   2.0400000e+02   3.6918200e+02   1.9840847e+02
   2.0800000e+02   3.6207174e+02   1.9673533e+02
   2.1300000e+02   3.4728071e+02   1.9459718e+02
   2.2500000e+02   3.1378694e+02   1.9096496e+02
   2.3000000e+02   3.0600945e+02   1.9096496e+02
   2.3300000e+02   3.0403905e+02   1.9096496e+02
   2.3900000e+02   3.1287548e+02   1.9171200e+02
   2.4200000e+02   3.2022263e+02   1.9256590e+02
   2.6500000e+02   3.6681032e+02   1.9791271e+02
   2.7300000e+02   3.6594484e+02   1.9822940e+02
   2.7500000e+02   3.6732526e+02   1.9822940e+02
   3.1000000e+02   3.1370712e+02   1.9250048e+02
   3.2000000e+02   3.4447389e+02   1.9619812e+02
   3.2300000e+02   3.5165663e+02   1.9680753e+02
   3.4500000e+02   3.4984586e+02   1.9463863e+02
   3.4700000e+02   3.4685037e+02   1.9477625e+02
   3.5200000e+02   3.3792933e+02   1.9317531e+02
   3.7300000e+02   3.1019190e+02   1.9139530e+02
   3.7900000e+02   3.3086983e+02   1.9414286e+02
   3.8700000e+02   3.5236503e+02   1.9524804e+02
   3.9400000e+02   3.6357315e+02   1.9741694e+02
   3.9600000e+02   3.6626633e+02   1.9829482e+02
   4.0100000e+02   3.6716564e+02   1.9815720e+02
   4.1200000e+02   3.5216678e+02   1.9552329e+02
   4.1800000e+02   3.3753283e+02   1.9342659e+02
   4.2600000e+02   3.2814761e+02   1.9254192e+02
   4.4300000e+02   3.6432498e+02   1.9716567e+02
   4.4600000e+02   3.6692397e+02   1.9673533e+02
   4.5400000e+02   3.6668708e+02   1.9858754e+02
   4.6200000e+02   3.4802775e+02   1.9488990e+02
   4.6500000e+02   3.3730074e+02   1.9380870e+02
   4.6900000e+02   3.2502889e+02   1.9232141e+02
   4.7600000e+02   3.1161829e+02   1.9232141e+02
   4.9100000e+02   3.2253876e+02   1.9250048e+02
   5.0800000e+02   3.6191946e+02   1.9759601e+02
   5.2200000e+02   3.6569582e+02   1.9777508e+02
   5.2600000e+02   3.5399448e+02   1.9655626e+02
   5.5000000e+02   3.0017809e+02   1.9299624e+02
   5.6500000e+02   3.2720233e+02   1.9378472e+02
   5.7900000e+02   3.6108782e+02   1.9770966e+02
   5.8000000e+02   3.6180102e+02   1.9822940e+02
   5.8700000e+02   3.6772177e+02   1.9980637e+02
   6.0400000e+02   3.3252353e+02   1.9317531e+02
   6.3000000e+02   3.2191496e+02   1.9378472e+02
   6.3600000e+02   3.4195472e+02   1.9552329e+02
   6.3800000e+02   3.4936954e+02   1.9680753e+02
   6.5500000e+02   3.7007653e+02   1.9909009e+02
   6.6100000e+02   3.5742510e+02   1.9698660e+02
   6.6400000e+02   3.4630159e+02   1.9588143e+02
   6.7600000e+02   3.1856414e+02   1.9267955e+02
   6.8300000e+02   3.1564368e+02   1.9378472e+02
   6.8500000e+02   3.1993978e+02   1.9378472e+02
   6.9700000e+02   3.5071134e+02   1.9730330e+02
   7.0300000e+02   3.6179622e+02   1.9840847e+02
   7.2600000e+02   3.3947417e+02   1.9441811e+02
   7.3100000e+02   3.2420205e+02   1.9175344e+02
   7.4600000e+02   3.0755428e+02   1.9139530e+02
   7.6400000e+02   3.5414196e+02   1.9680753e+02
   7.7600000e+02   3.6826576e+02   1.9858754e+02
   7.8200000e+02   3.6695780e+02   1.9786448e+02
   7.9000000e+02   3.4026239e+02   1.9441811e+02
   7.9200000e+02   3.3094485e+02   1.9267955e+02
   8.0600000e+02   3.0265863e+02   1.9218379e+02
   8.1500000e+02   3.0723759e+02   1.9182565e+02
   8.2000000e+02   3.2700407e+02   1.9328896e+02
   8.3500000e+02   3.6211292e+02   1.9834305e+02
   8.4100000e+02   3.6672571e+02   1.9777508e+02
   8.4400000e+02   3.6637518e+02   1.9791271e+02
   8.4600000e+02   3.6566198e+02   1.9852212e+02
   8.4700000e+02   3.6680552e+02   1.9798491e+02
   8.5400000e+02   3.4850407e+02   1.9570236e+02
   8.5900000e+02   3.3157824e+02   1.9285862e+02
   8.6700000e+02   3.0901452e+02   1.9218379e+02
   8.9100000e+02   3.3335038e+02   1.9378472e+02
   9.0900000e+02   3.6637543e+02   1.9847303e+02
   9.1200000e+02   3.6720203e+02   1.9745839e+02
   9.1300000e+02   3.6799983e+02   1.9795415e+02
   9.1400000e+02   3.6752351e+02   1.9791271e+02
   9.2200000e+02   3.4570204e+02   1.9463863e+02
   9.3000000e+02   3.1619246e+02   1.9327149e+02
   9.4400000e+02   2.8490595e+02   1.9256590e+02
   9.5400000e+02   2.7721785e+02   1.9293082e+02
   9.6100000e+02   2.8758954e+02   1.9299624e+02
   9.6800000e+02   3.1152890e+02   1.9250048e+02
   9.7700000e+02   3.3997954e+02   1.9360565e+02
   9.8300000e+02   3.5453847e+02   1.9613270e+02
   9.8800000e+02   3.6152295e+02   1.9666991e+02
   9.9500000e+02   3.6743891e+02   1.9809178e+02
   1.0070000e+03   3.5241580e+02   1.9538566e+02
   1.0180000e+03   3.1224210e+02   1.9121623e+02
   1.0190000e+03   3.0652439e+02   1.9046920e+02
   1.0200000e+03   3.0214368e+02   1.9054140e+02
   1.0280000e+03   2.8242062e+02   1.8965674e+02
   1.0640000e+03   3.5985967e+02   1.9741694e+02
   1.0700000e+03   3.6511799e+02   1.9759601e+02
   1.0750000e+03   3.6775081e+02   1.9773364e+02
   1.0770000e+03   3.6818116e+02   1.9791271e+02
   1.1230000e+03   3.0171334e+02   1.9238683e+02
   1.1280000e+03   3.1256358e+02   1.9220776e+02
   1.1300000e+03   3.1753425e+02   1.9163979e+02
   1.1350000e+03   3.3083120e+02   1.9267955e+02
   1.1420000e+03   3.4968624e+02   1.9475228e+02
   1.1600000e+03   3.6843497e+02   1.9905933e+02
   1.1620000e+03   3.6929462e+02   1.9974270e+02
   1.1690000e+03   3.5840423e+02   1.9723787e+02
   1.1860000e+03   3.1962308e+02   1.9175344e+02
   1.2150000e+03   3.4519188e+02   1.9506897e+02
   1.2210000e+03   3.5828578e+02   1.9680753e+02
   1.2290000e+03   3.6692876e+02   1.9870119e+02
   1.2360000e+03   3.6652746e+02   1.9827085e+02
   1.2790000e+03   3.2574209e+02   1.9317531e+02
   1.2800000e+03   3.3126634e+02   1.9430446e+02
   1.2860000e+03   3.5165663e+02   1.9617415e+02
   1.2910000e+03   3.5971218e+02   1.9761999e+02
   1.3060000e+03   3.6837274e+02   1.9909209e+02
   1.3090000e+03   3.6436334e+02   1.9830361e+02
   1.3110000e+03   3.5856864e+02   1.9761999e+02
   1.3160000e+03   3.4771585e+02   1.9477625e+02
   1.3170000e+03   3.4605257e+02   1.9457321e+02
   1.3210000e+03   3.3840565e+02   1.9392235e+02
   1.3220000e+03   3.3635066e+02   1.9342659e+02
   1.3340000e+03   3.1358868e+02   1.9218379e+02
   1.3400000e+03   3.0703934e+02   1.9168802e+02
   1.3410000e+03   3.0735603e+02   1.9143675e+02
   1.3440000e+03   3.1390059e+02   1.9250048e+02
   1.3530000e+03   3.3875618e+02   1.9421507e+02
   1.3540000e+03   3.3835489e+02   1.9449032e+02
   1.3970000e+03   3.1461858e+02   1.9107861e+02
   1.4130000e+03   2.8530246e+02   1.9220776e+02
   1.4390000e+03   3.4498884e+02   1.9516515e+02
   1.4400000e+03   3.4763125e+02   1.9581601e+02
   1.4420000e+03   3.5280017e+02   1.9741694e+02
   1.4440000e+03   3.5477535e+02   1.9737550e+02
   1.4460000e+03   3.5615098e+02   1.9712423e+02
   1.4510000e+03   3.6563294e+02   1.9838450e+02
   1.4610000e+03   3.6740507e+02   1.9888026e+02
   1.4710000e+03   3.4487519e+02   1.9428049e+02
   1.4750000e+03   3.2491524e+02   1.9171200e+02
   1.4770000e+03   3.2482584e+02   1.9250048e+02
   1.4780000e+03   3.2254355e+02   1.9250048e+02
   1.4820000e+03   3.1341468e+02   1.9143675e+02
   1.4850000e+03   3.0798462e+02   1.9139530e+02
   1.4870000e+03   3.0297532e+02   1.9207014e+02
   1.4940000e+03   2.9623251e+02   1.9107861e+02
   1.5080000e+03   3.1401903e+02   1.9236286e+02
   1.5100000e+03   3.1887605e+02   1.9281717e+02
   1.5220000e+03   3.5342876e+02   1.9538566e+02
   1.5260000e+03   3.6270033e+02   1.9684898e+02
   1.5360000e+03   3.6795386e+02   1.9840847e+02
   1.5390000e+03   3.6921105e+02   1.9822940e+02
   1.5430000e+03   3.7016113e+02   1.9908330e+02
   1.5440000e+03   3.6995809e+02   1.9876661e+02
   1.5500000e+03   3.5777563e+02   1.9606050e+02
   1.5560000e+03   3.4081118e+02   1.9335438e+02
   1.5610000e+03   3.2822743e+02   1.9175344e+02
   1.5730000e+03   3.1058840e+02   1.9157437e+02
   1.5860000e+03   3.1701931e+02   1.9207014e+02
   1.5920000e+03   3.3560841e+02   1.9349200e+02
   1.6030000e+03   3.5962758e+02   1.9741694e+02
   1.6110000e+03   3.6712222e+02   1.9870119e+02
   1.6210000e+03   3.6712222e+02   1.9791271e+02
   1.6270000e+03   3.5548855e+02   1.9556473e+02
   1.6360000e+03   3.3603397e+02   1.9218379e+02
   1.6550000e+03   3.4518709e+02   1.9556473e+02
   1.6580000e+03   3.5170260e+02   1.9623957e+02
   1.6900000e+03   3.3820740e+02   1.9349200e+02
   1.7070000e+03   3.4235602e+02   1.9556473e+02
   1.7120000e+03   3.5651365e+02   1.9642542e+02
   1.7170000e+03   3.6183485e+02   1.9716567e+02
   1.7360000e+03   3.5560699e+02   1.9737550e+02
   1.7450000e+03   3.3040086e+02   1.9281717e+02
   1.7640000e+03   3.1078665e+02   1.9252445e+02
   1.7720000e+03   3.3512730e+02   1.9423904e+02
   1.7740000e+03   3.4956300e+02   1.9649084e+02
   1.7860000e+03   3.6412673e+02   1.9809178e+02
   1.7990000e+03   3.6314760e+02   1.9723109e+02
   1.8190000e+03   3.0964311e+02   1.9171200e+02
   1.8350000e+03   2.9259884e+02   1.9220776e+02
   1.8390000e+03   2.9840116e+02   1.9175344e+02
   1.8510000e+03   3.3930497e+02   1.9403600e+02
   1.8790000e+03   3.5133993e+02   1.9566091e+02
   1.8980000e+03   2.9614791e+02   1.9089954e+02
   1.8990000e+03   2.9686111e+02   1.9107861e+02
   1.9040000e+03   2.8999507e+02   1.9139530e+02
   1.9200000e+03   3.1828129e+02   1.9139530e+02
   1.9330000e+03   3.5571585e+02   1.9642542e+02
   1.9410000e+03   3.6523643e+02   1.9852212e+02
   1.9430000e+03   3.6558217e+02   1.9820543e+02
   1.9490000e+03   3.6795386e+02   1.9791271e+02
   1.9600000e+03   3.5256808e+02   1.9581601e+02
   1.9610000e+03   3.4913745e+02   1.9484845e+02
   1.9630000e+03   3.3635066e+02   1.9299624e+02
   1.9660000e+03   3.2688084e+02   1.9189107e+02
   1.9690000e+03   3.1867300e+02   1.9107861e+02
   1.9740000e+03   3.0735603e+02   1.9040378e+02
   2.0200000e+03   3.6888981e+02   1.9894661e+02
   2.0240000e+03   3.6464168e+02   1.9854609e+02
   2.0390000e+03   3.2708388e+02   1.9051064e+02
   2.0410000e+03   3.2250493e+02   1.9015250e+02
   2.0760000e+03   3.6475053e+02   1.9735152e+02
   2.0860000e+03   3.6708838e+02   1.9802636e+02
   2.1020000e+03   3.3209319e+02   1.9232141e+02
   2.1090000e+03   3.1450014e+02   1.9132988e+02
   2.1330000e+03   3.4731455e+02   1.9613270e+02
   2.1350000e+03   3.5090959e+02   1.9644939e+02
   2.1370000e+03   3.5537011e+02   1.9712423e+02
   2.1430000e+03   3.6234501e+02   1.9727932e+02
   2.1540000e+03   3.6806272e+02   1.9852212e+02
   2.1560000e+03   3.6724066e+02   1.9827085e+02
   2.1600000e+03   3.5714704e+02   1.9599508e+02
   2.1620000e+03   3.5226097e+02   1.9613270e+02
   2.1720000e+03   3.3248490e+02   1.9232141e+02
   2.1730000e+03   3.2968287e+02   1.9218379e+02
   2.1740000e+03   3.2759404e+02   1.9200472e+02
   2.2010000e+03   3.2499506e+02   1.9279320e+02
   2.2050000e+03   3.3532556e+02   1.9403600e+02
   2.2160000e+03   3.5920203e+02   1.9710025e+02
   2.2260000e+03   3.6523164e+02   1.9727932e+02
   2.2300000e+03   3.6345950e+02   1.9727932e+02
   2.2620000e+03   3.0052382e+02   1.9125768e+02
   2.2640000e+03   3.0166736e+02   1.9143675e+02
   2.2660000e+03   3.0203003e+02   1.9207014e+02
   2.2730000e+03   3.2578072e+02   1.9218379e+02
   2.2840000e+03   3.5528551e+02   1.9649084e+02
   2.2850000e+03   3.5611714e+02   1.9674211e+02
   2.2880000e+03   3.6037462e+02   1.9666991e+02
   2.3040000e+03   3.6220231e+02   1.9727254e+02
   2.3120000e+03   3.4313210e+02   1.9367107e+02
   2.3270000e+03   3.0620770e+02   1.9089954e+02
   2.3310000e+03   2.9800465e+02   1.9218379e+02
   2.3470000e+03   3.1765269e+02   1.9189107e+02
   2.3540000e+03   3.3449392e+02   1.9360565e+02
   2.3600000e+03   3.4625082e+02   1.9477625e+02
   2.3730000e+03   3.6594484e+02   1.9734474e+02
   2.3760000e+03   3.6681032e+02   1.9793668e+02
   2.3780000e+03   3.6700857e+02   1.9827085e+02
   2.3990000e+03   3.1745444e+02   1.9157437e+02
   2.4000000e+03   3.1347503e+02   1.9107861e+02
   2.4230000e+03   3.1276183e+02   1.9232141e+02
   2.4310000e+03   3.3792933e+02   1.9392235e+02
   2.4380000e+03   3.5946796e+02   1.9712423e+02
   2.4650000e+03   3.2656894e+02   1.9128165e+02
   2.4680000e+03   3.2077142e+02   1.9015250e+02
   2.4950000e+03   2.7938171e+02   1.8968072e+02
   2.5150000e+03   3.5008274e+02   1.9441811e+02
   2.5400000e+03   3.6626153e+02   1.9631177e+02
   2.5430000e+03   3.5628156e+02   1.9520659e+02
   2.5490000e+03   3.3126634e+02   1.9157437e+02
   2.5590000e+03   3.0203003e+02   1.9029013e+02
   2.5600000e+03   3.0049478e+02   1.9029013e+02
   2.5760000e+03   3.0392540e+02   1.9078589e+02
   2.5920000e+03   3.4791410e+02   1.9520659e+02
   2.5980000e+03   3.6065268e+02   1.9567838e+02
   2.6090000e+03   3.6766184e+02   1.9610404e+02
   2.6250000e+03   3.3709770e+02   1.9277573e+02
   2.6370000e+03   3.0431712e+02   1.8997343e+02
   2.6790000e+03   3.6417270e+02   1.9710025e+02
   2.6820000e+03   3.6594963e+02   1.9698660e+02
   2.6830000e+03   3.6596414e+02   1.9737929e+02
   2.6870000e+03   3.6834557e+02   1.9802636e+02
   2.7050000e+03   3.7133108e+02   1.9783668e+02
   2.7190000e+03   3.6852066e+02   1.9661735e+02
   2.7500000e+03   3.6361178e+02   1.9660449e+02
   2.7570000e+03   3.3975224e+02   1.9114403e+02
   2.7610000e+03   3.2459375e+02   1.9046920e+02
   2.7760000e+03   2.9102496e+02   1.9046920e+02
   2.7890000e+03   3.2728214e+02   1.9293082e+02
   2.7960000e+03   3.5197332e+02   1.9595363e+02
   2.8070000e+03   3.6972600e+02   1.9838450e+02
   2.8130000e+03   3.7012250e+02   1.9680753e+02
   2.8140000e+03   3.6992425e+02   1.9802636e+02
   2.8180000e+03   3.6818595e+02   1.9755457e+02
   2.8190000e+03   3.6554834e+02   1.9741694e+02
   2.8570000e+03   3.2636590e+02   1.9171200e+02
   2.8580000e+03   3.3272657e+02   1.9186709e+02
   2.9180000e+03   2.9283572e+02   1.9015250e+02
   2.9240000e+03   2.9528243e+02   1.9121623e+02
   2.9310000e+03   3.1275704e+02   1.8997343e+02
   2.9330000e+03   3.1919274e+02   1.9171200e+02
   2.9390000e+03   3.4096345e+02   1.9297227e+02
   2.9420000e+03   3.5133993e+02   1.9416684e+02
   2.9440000e+03   3.5453847e+02   1.9509294e+02
   2.9530000e+03   3.6858245e+02   1.9680753e+02
   2.9620000e+03   3.6203311e+02   1.9613270e+02
   2.9720000e+03   3.3339635e+02   1.9125768e+02
   2.9780000e+03   3.1263860e+02   1.9042775e+02
   2.9840000e+03   2.9622772e+02   1.9033157e+02
   2.9870000e+03   2.8936647e+02   1.9171200e+02
   2.9890000e+03   2.8833658e+02   1.9094099e+02
   2.9920000e+03   2.9105880e+02   1.9139530e+02
   2.9980000e+03   3.1228073e+02   1.9200472e+02
   3.0040000e+03   3.3438027e+02   1.9232141e+02
   3.0100000e+03   3.5485995e+02   1.9599508e+02
   3.0370000e+03   3.4672714e+02   1.9356421e+02
   3.0400000e+03   3.3768766e+02   1.9189107e+02
   3.0420000e+03   3.2799534e+02   1.9110258e+02
   3.0630000e+03   2.8530246e+02   1.9064827e+02
   3.0660000e+03   2.8364876e+02   1.9060682e+02
   3.0870000e+03   3.3532077e+02   1.9324752e+02
   3.0990000e+03   3.6451844e+02   1.9692118e+02
   3.1130000e+03   3.7029236e+02   1.9850199e+02
   3.1170000e+03   3.6022713e+02   1.9649084e+02
   3.1260000e+03   3.3477677e+02   1.9214234e+02
   3.1500000e+03   3.0048998e+02   1.9015250e+02
   3.1630000e+03   3.4132612e+02   1.9297227e+02
   3.1820000e+03   3.6795386e+02   1.9692118e+02
   3.2050000e+03   3.1962308e+02   1.9078589e+02
   3.2110000e+03   3.0641074e+02   1.9015250e+02
   3.2190000e+03   2.9291554e+02   1.9107861e+02
   3.2240000e+03   2.8813833e+02   1.9139530e+02
   3.2250000e+03   2.8632756e+02   1.9146751e+02
   3.2280000e+03   2.8834137e+02   1.9171200e+02
   3.2320000e+03   3.0135067e+02   1.9107861e+02
   3.2340000e+03   3.0881626e+02   1.9001488e+02
   3.2360000e+03   3.1319218e+02   1.9076192e+02
   3.2450000e+03   3.4041467e+02   1.9211158e+02
   3.2530000e+03   3.5914647e+02   1.9649084e+02
   3.2560000e+03   3.6317382e+02   1.9693930e+02
   3.2770000e+03   3.4613443e+02   1.9289463e+02
   3.2970000e+03   3.0486590e+02   1.9141928e+02
   3.3070000e+03   3.1244514e+02   1.8997343e+02
   3.3090000e+03   3.2048856e+02   1.9107861e+02
   3.3140000e+03   3.3145980e+02   1.9202869e+02
   3.3180000e+03   3.4574745e+02   1.9363022e+02
   3.3210000e+03   3.5059290e+02   1.9488990e+02
   3.3230000e+03   3.5528551e+02   1.9511042e+02
   3.3620000e+03   3.2076184e+02   1.8886826e+02
   3.3710000e+03   2.9902975e+02   1.8776308e+02
   3.3790000e+03   3.0092512e+02   1.8886826e+02
   3.3860000e+03   3.1796460e+02   1.9139530e+02
   3.3880000e+03   3.3043470e+02   1.9207014e+02
   3.4090000e+03   3.6858577e+02   1.9823141e+02
   3.4360000e+03   3.2991975e+02   1.9146072e+02
   3.4390000e+03   3.1902833e+02   1.9044522e+02
   3.4500000e+03   2.9074210e+02   1.8969819e+02
   3.4530000e+03   2.8593585e+02   1.9157437e+02
   3.4540000e+03   2.8637098e+02   1.9202869e+02
   3.4550000e+03   2.8613410e+02   1.9139530e+02
   3.4910000e+03   3.6597868e+02   1.9621559e+02
   3.5080000e+03   3.1358389e+02   1.9064827e+02
   3.5120000e+03   3.0246038e+02   1.9017648e+02
   3.5290000e+03   3.1453397e+02   1.9168802e+02
   3.5320000e+03   3.2416821e+02   1.9281717e+02
   3.5330000e+03   3.2719753e+02   1.9299624e+02
   3.5350000e+03   3.3209319e+02   1.9385693e+02
   3.5430000e+03   3.5205313e+02   1.9617415e+02
   3.5550000e+03   3.6755256e+02   1.9773364e+02
   3.5680000e+03   3.4246966e+02   1.9299624e+02
   3.5700000e+03   3.3928627e+02   1.9315304e+02
   3.5790000e+03   3.1453397e+02   1.9207014e+02
   3.5890000e+03   3.1990594e+02   1.9189107e+02
   3.6160000e+03   3.6824216e+02   1.9874361e+02
   3.6540000e+03   3.1090509e+02   1.9220776e+02
   3.6570000e+03   3.1587577e+02   1.9232141e+02
   3.6630000e+03   3.3978608e+02   1.9378472e+02
   3.6750000e+03   3.6297840e+02   1.9777508e+02
   3.6790000e+03   3.6491974e+02   1.9791271e+02
   3.6840000e+03   3.6606328e+02   1.9759601e+02
   3.7020000e+03   3.4215297e+02   1.9392235e+02
   3.7050000e+03   3.3824603e+02   1.9317531e+02
   3.7260000e+03   3.6558696e+02   1.9777508e+02
   3.7310000e+03   3.6653960e+02   1.9791271e+02
   3.7510000e+03   3.3031626e+02   1.9157437e+02
   3.7710000e+03   3.5236983e+02   1.9662846e+02
   3.8050000e+03   3.5560220e+02   1.9506897e+02
   3.8360000e+03   3.3055314e+02   1.9310989e+02
   3.8430000e+03   3.4771106e+02   1.9633574e+02
   3.8460000e+03   3.5217157e+02   1.9570236e+02
   3.8640000e+03   3.6776845e+02   1.9890337e+02
   3.8750000e+03   3.4353819e+02   1.9267955e+02
   3.8790000e+03   3.2948462e+02   1.9270352e+02
   3.8900000e+03   3.0830611e+02   1.9021793e+02
   3.8970000e+03   3.2108332e+02   1.9157437e+02
   3.9050000e+03   3.3918653e+02   1.9315134e+02
   3.9150000e+03   3.6005792e+02   1.9741694e+02
   3.9330000e+03   3.6675039e+02   1.9701077e+02
   3.9450000e+03   3.4092962e+02   1.9346803e+02
   3.9460000e+03   3.3863774e+02   1.9274497e+02
   3.9590000e+03   3.0984136e+02   1.9110258e+02
   3.9650000e+03   3.0068824e+02   1.9114403e+02
   3.9830000e+03   3.4175167e+02   1.9520659e+02
   3.9870000e+03   3.5311686e+02   1.9631177e+02
   3.9900000e+03   3.5705764e+02   1.9674211e+02
   4.0270000e+03   3.1446151e+02   1.9046920e+02
   4.0320000e+03   3.0818767e+02   1.9021793e+02
   4.0490000e+03   3.4956300e+02   1.9662846e+02
   4.0520000e+03   3.5508246e+02   1.9692118e+02
   4.0550000e+03   3.5796909e+02   1.9705880e+02
   4.0680000e+03   3.6744216e+02   1.9947665e+02
   4.0880000e+03   3.3363323e+02   1.9189107e+02
   4.0920000e+03   3.2645529e+02   1.9309242e+02
   4.0930000e+03   3.2396516e+02   1.9202869e+02
   4.0960000e+03   3.1942483e+02   1.9200472e+02
   4.1020000e+03   3.2242511e+02   1.9267955e+02
   4.1120000e+03   3.4996430e+02   1.9506897e+02
   4.1170000e+03   3.5872092e+02   1.9662846e+02
   4.1180000e+03   3.5982583e+02   1.9617415e+02
   4.1330000e+03   3.6795214e+02   1.9861401e+02
   4.1380000e+03   3.6802913e+02   1.9885048e+02
   4.1640000e+03   3.1216229e+02   1.9191504e+02
   4.1650000e+03   3.0947391e+02   1.9175344e+02
   4.1920000e+03   3.4956779e+02   1.9613270e+02
   4.1980000e+03   3.5954777e+02   1.9662846e+02
   4.2050000e+03   3.6629058e+02   1.9734474e+02
   4.2150000e+03   3.6334106e+02   1.9723109e+02
   4.2170000e+03   3.5840423e+02   1.9712423e+02
   4.2330000e+03   3.2274181e+02   1.9128165e+02
   4.2360000e+03   3.1828129e+02   1.9171200e+02
   4.2460000e+03   3.1421728e+02   1.9252445e+02
   4.2590000e+03   3.5488900e+02   1.9698660e+02
   4.2670000e+03   3.6412194e+02   1.9674211e+02
   4.2760000e+03   3.6627879e+02   1.9906643e+02
   4.2850000e+03   3.5497360e+02   1.9506897e+02
   4.2900000e+03   3.4092482e+02   1.9360565e+02
   4.3000000e+03   3.2167808e+02   1.9159835e+02
   4.3050000e+03   3.1555907e+02   1.9238683e+02
   4.3430000e+03   3.6629537e+02   1.9745839e+02
   4.3960000e+03   3.5757259e+02   1.9649084e+02
   4.3980000e+03   3.6120146e+02   1.9723787e+02
   4.4090000e+03   3.6792002e+02   1.9777508e+02
   4.4340000e+03   3.0818767e+02   1.9220776e+02
   4.4360000e+03   3.0640595e+02   1.9153293e+02
   4.4410000e+03   3.0360392e+02   1.9157437e+02
   4.4430000e+03   3.0786618e+02   1.9171200e+02
   4.4620000e+03   3.5962758e+02   1.9739297e+02
   4.4730000e+03   3.6578042e+02   1.9710025e+02
   4.4740000e+03   3.6523164e+02   1.9753059e+02
   4.4850000e+03   3.5493497e+02   1.9540964e+02
   4.4880000e+03   3.4830582e+02   1.9453176e+02
   4.5250000e+03   3.5161800e+02   1.9506897e+02
   4.5290000e+03   3.5934472e+02   1.9773364e+02
   4.5610000e+03   3.2147982e+02   1.9202869e+02
   4.5680000e+03   3.1674604e+02   1.9175344e+02
   4.5840000e+03   3.6048827e+02   1.9692118e+02
   4.5870000e+03   3.6269554e+02   1.9840847e+02
   4.6100000e+03   3.3738055e+02   1.9380870e+02
   4.6140000e+03   3.4112787e+02   1.9445956e+02
   4.6160000e+03   3.4882076e+02   1.9649084e+02
   4.6170000e+03   3.5280017e+02   1.9680753e+02
   4.6210000e+03   3.6037462e+02   1.9805033e+02
   4.6390000e+03   3.6052666e+02   1.9665293e+02
   4.6550000e+03   3.3189014e+02   1.9317531e+02
   4.6560000e+03   3.3094964e+02   1.9356421e+02
   4.6640000e+03   3.4621698e+02   1.9463863e+02
   4.6880000e+03   3.6163660e+02   1.9556473e+02
   4.6910000e+03   3.5331032e+02   1.9428049e+02
   4.6940000e+03   3.4652889e+02   1.9346803e+02
   4.6990000e+03   3.3792933e+02   1.9267955e+02
   4.7110000e+03   3.5765240e+02   1.9554076e+02
   4.7300000e+03   3.6977197e+02   1.9698660e+02
   4.7320000e+03   3.6551450e+02   1.9653229e+02
   4.7440000e+03   3.2908811e+02   1.9218379e+02
   4.7460000e+03   3.2763746e+02   1.9175344e+02
   4.7580000e+03   3.2677198e+02   1.9236286e+02
   4.7830000e+03   3.6640902e+02   1.9710025e+02
   4.7880000e+03   3.6117242e+02   1.9588143e+02
   4.7910000e+03   3.5537011e+02   1.9588143e+02
   4.7950000e+03   3.5079115e+02   1.9396379e+02
   4.8060000e+03   3.6128607e+02   1.9659771e+02
   4.8230000e+03   3.6866227e+02   1.9744092e+02
   4.8250000e+03   3.6874687e+02   1.9822940e+02
   4.8380000e+03   3.6345950e+02   1.9680753e+02
   4.8610000e+03   3.6432498e+02   1.9748237e+02
   4.8630000e+03   3.6464168e+02   1.9744092e+02
   4.8680000e+03   3.6780196e+02   1.9865736e+02
