   1.0000000e+00   2.2808971e+02   2.4840364e+02
   1.7000000e+01   2.1225865e+02   2.5418647e+02
   2.0000000e+01   2.1958105e+02   2.5107220e+02
   3.3000000e+01   2.5618594e+02   2.3339582e+02
   4.8000000e+01   2.6674037e+02   2.3117420e+02
   5.3000000e+01   2.5527466e+02   2.3554413e+02
   5.4000000e+01   2.5242646e+02   2.3652193e+02
   5.5000000e+01   2.4924183e+02   2.3724551e+02
   6.9000000e+01   2.1300261e+02   2.5282993e+02
   1.0400000e+02   2.0532304e+02   2.5761802e+02
   1.1000000e+02   2.0855508e+02   2.5624965e+02
   1.1300000e+02   2.1556061e+02   2.5208939e+02
   1.2300000e+02   2.4645211e+02   2.3773697e+02
   1.3700000e+02   2.4138903e+02   2.4228780e+02
   1.3900000e+02   2.3435979e+02   2.4647563e+02
   1.4100000e+02   2.2950472e+02   2.4738645e+02
   1.4300000e+02   2.2072957e+02   2.5009441e+02
   1.4700000e+02   2.1488659e+02   2.5387591e+02
   1.5500000e+02   2.1014037e+02   2.5616451e+02
   1.5700000e+02   2.0905328e+02   2.5640176e+02
   1.9300000e+02   2.3897206e+02   2.4156422e+02
   2.0200000e+02   2.7010930e+02   2.2963676e+02
   2.0500000e+02   2.7075113e+02   2.2921861e+02
   2.2000000e+02   2.3285963e+02   2.4619897e+02
   2.2900000e+02   2.1170197e+02   2.5422587e+02
   2.3400000e+02   2.0902404e+02   2.5563365e+02
   2.5500000e+02   2.0725444e+02   2.5746469e+02
   2.5600000e+02   2.1885408e+02   2.5182336e+02
   2.6100000e+02   2.3694150e+02   2.4136637e+02
   2.8000000e+02   2.4641437e+02   2.3865841e+02
   2.9700000e+02   2.1043057e+02   2.5428223e+02
   2.9800000e+02   2.0916766e+02   2.5491006e+02
   3.2100000e+02   2.0752093e+02   2.5672415e+02
   3.2500000e+02   2.0699348e+02   2.5679234e+02
   3.3000000e+02   2.1122746e+02   2.5464402e+02
   3.4800000e+02   2.6139263e+02   2.3212442e+02
   3.5500000e+02   2.5389442e+02   2.3610378e+02
   3.6000000e+02   2.4324378e+02   2.4184087e+02
   3.7900000e+02   2.0599706e+02   2.5814888e+02
   3.8100000e+02   2.0546962e+02   2.5901396e+02
   3.8800000e+02   2.0628726e+02   2.5808069e+02
   3.8900000e+02   2.0614918e+02   2.5838613e+02
   3.9200000e+02   2.0647157e+02   2.5753288e+02
   4.0500000e+02   2.2458822e+02   2.4804185e+02
   4.1600000e+02   2.5177318e+02   2.3512599e+02
   4.3100000e+02   2.3106078e+02   2.4622776e+02
   4.3500000e+02   2.2229117e+02   2.5140521e+02
   4.3700000e+02   2.1743610e+02   2.5256389e+02
   4.5200000e+02   2.0396255e+02   2.5906980e+02
   4.6200000e+02   2.0673252e+02   2.5856703e+02
   4.6700000e+02   2.0684690e+02   2.5782648e+02
   4.7700000e+02   2.2329608e+02   2.4905904e+02
   4.8100000e+02   2.3694703e+02   2.4103336e+02
   5.1600000e+02   2.0572208e+02   2.5732319e+02
   5.3300000e+02   2.0452615e+02   2.5869157e+02
   5.3500000e+02   2.0640164e+02   2.5805312e+02
   5.4100000e+02   2.0496292e+02   2.5927878e+02
   5.4400000e+02   2.0637240e+02   2.5851067e+02
   5.4900000e+02   2.1470228e+02   2.5342898e+02
   5.6800000e+02   2.5133087e+02   2.3833601e+02
   6.0000000e+02   2.0522387e+02   2.5740834e+02
   6.1800000e+02   2.1217647e+02   2.5366623e+02
   6.2000000e+02   2.1690866e+02   2.5113917e+02
   6.2100000e+02   2.1879265e+02   2.5042741e+02
   6.2800000e+02   2.3888692e+02   2.4037674e+02
   6.3900000e+02   2.4365131e+02   2.4080672e+02
   6.4100000e+02   2.3661357e+02   2.4392100e+02
   6.5100000e+02   2.0961846e+02   2.5639114e+02
   6.5900000e+02   2.0556080e+02   2.5960335e+02
   6.6100000e+02   2.0522387e+02   2.5848188e+02
   6.9100000e+02   2.4652875e+02   2.3981710e+02
   7.0000000e+02   2.6442514e+02   2.3227653e+02
   7.1000000e+02   2.3835652e+02   2.4358799e+02
   7.5100000e+02   2.0561323e+02   2.5954482e+02
   7.5700000e+02   2.1081440e+02   2.5606875e+02
   7.6000000e+02   2.1746830e+02   2.5182336e+02
   8.0800000e+02   2.1289790e+02   2.5506217e+02
   8.1200000e+02   2.0754759e+02   2.5788284e+02
   8.1700000e+02   2.0740655e+02   2.5779770e+02
   8.5500000e+02   2.6235685e+02   2.3259893e+02
   8.8100000e+02   2.0963367e+02   2.5600056e+02
   8.9800000e+02   2.0457355e+02   2.5969693e+02
   9.0500000e+02   2.0498662e+02   2.5927878e+02
   9.0600000e+02   2.0368598e+02   2.6053323e+02
   9.0700000e+02   2.0533116e+02   2.5928969e+02
   9.1900000e+02   2.2496356e+02   2.4864089e+02
   9.2000000e+02   2.2808675e+02   2.4622776e+02
   9.6800000e+02   2.0490148e+02   2.6001932e+02
   9.8400000e+02   2.0534845e+02   2.5981891e+02
   9.8600000e+02   2.0331065e+02   2.6173765e+02
   1.0030000e+03   2.3896910e+02   2.4198237e+02
   1.0270000e+03   2.3431652e+02   2.4448064e+02
   1.0300000e+03   2.2460639e+02   2.5003683e+02
   1.0330000e+03   2.2193400e+02   2.5077738e+02
   1.0380000e+03   2.0916766e+02   2.5636236e+02
   1.0440000e+03   2.0592160e+02   2.5886063e+02
   1.0470000e+03   2.0504252e+02   2.5848188e+02
   1.0620000e+03   2.3555572e+02   2.4281866e+02
   1.0630000e+03   2.4091980e+02   2.4105027e+02
   1.0640000e+03   2.4303576e+02   2.3952349e+02
   1.0690000e+03   2.6063347e+02   2.3352036e+02
   1.0820000e+03   2.3527106e+02   2.4522118e+02
   1.0860000e+03   2.2475850e+02   2.4970383e+02
   1.0900000e+03   2.1569870e+02   2.5270539e+02
   1.0990000e+03   2.0754463e+02   2.5678050e+02
   1.1000000e+03   2.0671850e+02   2.5830099e+02
   1.1060000e+03   2.0437404e+02   2.6079926e+02
   1.1240000e+03   2.1902990e+02   2.5116796e+02
   1.1330000e+03   2.4802985e+02   2.3650576e+02
   1.1510000e+03   2.3906274e+02   2.4186966e+02
   1.1660000e+03   2.0658595e+02   2.5693383e+02
   1.1710000e+03   2.0360934e+02   2.5983964e+02
   1.1770000e+03   2.0366781e+02   2.5979902e+02
   1.1900000e+03   2.1747680e+02   2.5250754e+02
   1.2010000e+03   2.5559410e+02   2.3333947e+02
   1.2120000e+03   2.7033806e+02   2.2898136e+02
   1.2140000e+03   2.6728184e+02   2.2942830e+02
   1.2150000e+03   2.6524574e+02   2.3194353e+02
   1.2170000e+03   2.6112614e+02   2.3262771e+02
   1.2240000e+03   2.2579819e+02   2.4858454e+02
   1.2320000e+03   2.0848514e+02   2.5603997e+02
   1.2580000e+03   2.0424563e+02   2.6043747e+02
   1.2770000e+03   2.5280179e+02   2.3702521e+02
   1.2870000e+03   2.6497125e+02   2.3332460e+02
   1.2920000e+03   2.5573951e+02   2.3634216e+02
   1.3020000e+03   2.2494166e+02   2.5072683e+02
   1.3100000e+03   2.1086734e+02   2.5520367e+02
   1.3160000e+03   2.0783778e+02   2.5663901e+02
   1.3260000e+03   2.0680917e+02   2.5716987e+02
   1.3430000e+03   2.2204838e+02   2.4808125e+02
   1.3440000e+03   2.2573122e+02   2.4724495e+02
   1.3460000e+03   2.3135098e+02   2.4456578e+02
   1.3690000e+03   2.2566978e+02   2.5105403e+02
   1.3760000e+03   2.1242893e+02   2.5576331e+02
   1.3770000e+03   2.1137404e+02   2.5666779e+02
   1.3810000e+03   2.0824789e+02   2.5826159e+02
   1.3870000e+03   2.0527977e+02   2.6008751e+02
   1.3980000e+03   2.0360934e+02   2.6082805e+02
   1.4170000e+03   2.6107024e+02   2.3494387e+02
   1.4310000e+03   2.3767696e+02   2.4466154e+02
   1.4390000e+03   2.1714964e+02   2.5319306e+02
   1.4510000e+03   2.0501882e+02   2.5880428e+02
   1.4870000e+03   2.5536043e+02   2.3738814e+02
   1.5020000e+03   2.1775297e+02   2.5499399e+02
   1.5070000e+03   2.0995902e+02   2.5838613e+02
   1.5190000e+03   2.0442144e+02   2.6120680e+02
   1.5420000e+03   2.1158205e+02   2.5918302e+02
   1.5450000e+03   2.2243775e+02   2.5252449e+02
   1.5790000e+03   2.0916213e+02   2.5853824e+02
   1.5830000e+03   2.0687053e+02   2.5921089e+02
   1.5880000e+03   2.0463499e+02   2.6074925e+02
   1.5970000e+03   2.0333989e+02   2.6185158e+02
   1.5980000e+03   2.0261292e+02   2.6264848e+02
   1.6070000e+03   2.0240491e+02   2.6282937e+02
   1.6150000e+03   2.2135065e+02   2.5186909e+02
   1.6300000e+03   2.5058988e+02   2.3939895e+02
   1.6340000e+03   2.4249429e+02   2.4371131e+02
   1.6380000e+03   2.3181995e+02   2.4759492e+02
   1.6400000e+03   2.2790540e+02   2.4961869e+02
   1.6590000e+03   2.0545559e+02   2.6029597e+02
   1.6600000e+03   2.0548483e+02   2.6007567e+02
   1.6700000e+03   2.0327845e+02   2.6087257e+02
   1.6710000e+03   2.0536749e+02   2.5971388e+02
   1.6730000e+03   2.0428336e+02   2.6127376e+02
   1.6800000e+03   2.0513320e+02   2.6025657e+02
   1.6880000e+03   2.3450636e+02   2.4372948e+02
   1.7000000e+03   2.6687242e+02   2.3155120e+02
   1.7010000e+03   2.6468610e+02   2.3280739e+02
   1.7020000e+03   2.6541603e+02   2.3224775e+02
   1.7040000e+03   2.6403578e+02   2.3254257e+02
   1.7110000e+03   2.4980701e+02   2.3854570e+02
   1.7220000e+03   2.2061584e+02   2.5091637e+02
   1.7230000e+03   2.1699676e+02   2.5319173e+02
   1.7260000e+03   2.1211957e+02   2.5519483e+02
   1.7280000e+03   2.1037209e+02   2.5574636e+02
   1.7450000e+03   2.0765901e+02   2.5909788e+02
   1.7560000e+03   2.0337128e+02   2.6114495e+02
   1.7630000e+03   2.2518006e+02   2.4858454e+02
   1.7890000e+03   2.4797043e+02   2.3850630e+02
   1.7900000e+03   2.4708840e+02   2.3990224e+02
   1.7920000e+03   2.4200458e+02   2.4168876e+02
   1.8020000e+03   2.1754495e+02   2.5175517e+02
   1.8050000e+03   2.0938271e+02   2.5598110e+02
   1.8130000e+03   2.0549936e+02   2.5656468e+02
   1.8140000e+03   2.0887709e+02   2.5681864e+02
   1.8240000e+03   2.0466713e+02   2.5923887e+02
   1.8300000e+03   2.0449131e+02   2.5978156e+02
   1.8560000e+03   2.3988334e+02   2.4165997e+02
   1.8610000e+03   2.4224183e+02   2.4047371e+02
   1.8730000e+03   2.0463499e+02   2.6010446e+02
   1.8750000e+03   2.0448841e+02   2.6113861e+02
   1.8890000e+03   2.0390506e+02   2.6120680e+02
   1.9390000e+03   2.0428889e+02   2.6144405e+02
   1.9650000e+03   2.2573122e+02   2.4878239e+02
   2.0020000e+03   2.0375849e+02   2.5861276e+02
   2.0060000e+03   2.0293236e+02   2.6056835e+02
   2.0070000e+03   2.0183973e+02   2.6126315e+02
   2.0110000e+03   2.0239641e+02   2.6126315e+02
   2.0160000e+03   2.0166945e+02   2.6208883e+02
   2.0280000e+03   2.0778742e+02   2.5724439e+02
   2.0570000e+03   2.4770948e+02   2.3957985e+02
   2.0590000e+03   2.4241764e+02   2.4165997e+02
   2.0630000e+03   2.3099934e+02   2.4626716e+02
   2.0770000e+03   2.0454432e+02   2.5904153e+02
   2.0800000e+03   2.0585049e+02   2.5802434e+02
   2.0870000e+03   2.0355343e+02   2.6078865e+02
   2.0890000e+03   2.0574127e+02   2.5977087e+02
   2.0900000e+03   2.0372925e+02   2.6070351e+02
   2.0940000e+03   2.0352420e+02   2.6152919e+02
   2.0980000e+03   2.0355343e+02   2.6116740e+02
   2.1240000e+03   2.5597792e+02   2.3597924e+02
   2.1420000e+03   2.0890671e+02   2.5859459e+02
   2.1440000e+03   2.0749169e+02   2.5871914e+02
   2.1450000e+03   2.0749169e+02   2.5867974e+02
   2.1560000e+03   2.0537045e+02   2.5986721e+02
   2.1590000e+03   2.0322551e+02   2.6162494e+02
   2.1670000e+03   2.0231423e+02   2.6260274e+02
   2.1820000e+03   2.4267860e+02   2.4082368e+02
   2.1900000e+03   2.5407023e+02   2.3734761e+02
   2.1950000e+03   2.4084763e+02   2.4409015e+02
   2.2190000e+03   2.0529084e+02   2.6078865e+02
   2.2270000e+03   2.0405718e+02   2.6185158e+02
   2.2290000e+03   2.0323104e+02   2.6171009e+02
   2.2320000e+03   2.0337762e+02   2.6239427e+02
   2.2330000e+03   2.0375849e+02   2.6134829e+02
   2.2390000e+03   2.2085245e+02   2.5160306e+02
   2.2400000e+03   2.2462042e+02   2.5002622e+02
   2.2450000e+03   2.3732533e+02   2.4284745e+02
   2.2490000e+03   2.5415538e+02   2.3592288e+02
   2.2860000e+03   2.0216766e+02   2.5986721e+02
   2.3050000e+03   2.1808089e+02   2.5190849e+02
   2.3070000e+03   2.2776731e+02   2.4685559e+02
   2.3230000e+03   2.5465358e+02   2.3797422e+02
   2.3260000e+03   2.4409362e+02   2.4213448e+02
   2.3580000e+03   2.0424563e+02   2.6075986e+02
   2.3600000e+03   2.0363304e+02   2.6064715e+02
   2.3720000e+03   2.3220931e+02   2.4548722e+02
   2.3790000e+03   2.5936207e+02   2.3518113e+02
   2.3800000e+03   2.6236683e+02   2.3272521e+02
   2.3880000e+03   2.6656159e+02   2.3223713e+02
   2.4130000e+03   2.0472567e+02   2.6126315e+02
   2.4160000e+03   2.0461129e+02   2.6134829e+02
   2.4250000e+03   2.0290311e+02   2.6310602e+02
   2.4310000e+03   2.0363857e+02   2.6217397e+02
   2.4530000e+03   2.4618266e+02   2.4008314e+02
   2.4950000e+03   2.0522387e+02   2.5986721e+02
   2.5120000e+03   2.0492518e+02   2.6084500e+02
   2.5170000e+03   2.1975686e+02   2.5249571e+02
   2.5220000e+03   2.3259314e+02   2.4617141e+02
   2.5260000e+03   2.4827466e+02   2.3882869e+02
   2.5270000e+03   2.4910079e+02   2.3719550e+02
   2.5330000e+03   2.6174426e+02   2.3402365e+02
   2.5380000e+03   2.5708872e+02   2.3699643e+02
   2.5610000e+03   2.0469643e+02   2.6263152e+02
   2.6090000e+03   2.6271697e+02   2.3370126e+02
   2.6150000e+03   2.4603351e+02   2.4174511e+02
   2.6200000e+03   2.2946699e+02   2.4886753e+02
   2.6210000e+03   2.2646372e+02   2.4922932e+02
   2.6230000e+03   2.1754495e+02   2.5279053e+02
   2.6260000e+03   2.1192519e+02   2.5590481e+02
   2.6420000e+03   2.0253746e+02   2.6242184e+02
   2.6450000e+03   2.0431260e+02   2.6031414e+02
   2.6480000e+03   2.1625834e+02   2.5437799e+02
   2.6490000e+03   2.1593041e+02   2.5479613e+02
   2.6530000e+03   2.3043970e+02   2.4745342e+02
   2.6600000e+03   2.5283103e+02   2.3708157e+02
   2.6870000e+03   2.0690834e+02   2.6064715e+02
   2.6900000e+03   2.0554626e+02   2.6060775e+02
   2.6930000e+03   2.0522387e+02   2.6099833e+02
   2.7220000e+03   2.2261356e+02   2.5149035e+02
   2.7250000e+03   2.3153207e+02   2.4582327e+02
   2.7260000e+03   2.3292106e+02   2.4492757e+02
   2.7320000e+03   2.5159736e+02   2.3687310e+02
   2.7350000e+03   2.5974590e+02   2.3406305e+02
   2.7440000e+03   2.6701239e+02   2.3212442e+02
   2.7450000e+03   2.6271697e+02   2.3452694e+02
   2.7580000e+03   2.1963695e+02   2.5227029e+02
   2.7640000e+03   2.0850892e+02   2.5876437e+02
   2.7700000e+03   2.0474937e+02   2.6055140e+02
   2.7870000e+03   2.0326324e+02   2.6366567e+02
   2.7940000e+03   2.1758268e+02   2.5348533e+02
   2.8130000e+03   2.6970934e+02   2.3219599e+02
   2.8180000e+03   2.6050506e+02   2.3619953e+02
   2.8340000e+03   2.1007340e+02   2.5874792e+02
   2.8380000e+03   2.0801914e+02   2.6060775e+02
   2.8440000e+03   2.0687061e+02   2.6060775e+02
   2.8490000e+03   2.0546112e+02   2.6194734e+02
   2.8540000e+03   2.0451211e+02   2.6265909e+02
   2.8610000e+03   2.0507730e+02   2.6250698e+02
   2.8700000e+03   2.0387583e+02   2.6254638e+02
   2.8870000e+03   2.5174394e+02   2.3636981e+02
   2.9030000e+03   2.4056290e+02   2.4358799e+02
   2.9090000e+03   2.2576895e+02   2.5130945e+02
   2.9200000e+03   2.0941045e+02   2.6042685e+02
   2.9300000e+03   2.0452061e+02   2.6256333e+02
   2.9440000e+03   2.0517093e+02   2.6292513e+02
   2.9540000e+03   2.5558856e+02   2.3467905e+02
   2.9780000e+03   2.2163532e+02   2.5169881e+02
   2.9820000e+03   2.1136851e+02   2.5550911e+02
   2.9840000e+03   2.0849364e+02   2.5912667e+02
   3.0010000e+03   2.0225280e+02   2.6277302e+02
   3.0030000e+03   2.0207698e+02   2.6226973e+02
   3.0040000e+03   2.0210622e+02   2.6345720e+02
   3.0100000e+03   2.0157877e+02   2.6144405e+02
   3.0450000e+03   2.2917680e+02   2.4730131e+02
   3.0550000e+03   2.0534674e+02   2.6073229e+02
   3.0560000e+03   2.0431260e+02   2.6161433e+02
   3.0770000e+03   2.2064444e+02   2.4982837e+02
   3.0780000e+03   2.2408448e+02   2.4854514e+02
   3.0960000e+03   2.5318266e+02   2.3578139e+02
   3.1200000e+03   2.0075817e+02   2.6105469e+02
   3.1590000e+03   2.5538904e+02   2.3508659e+02
   3.1710000e+03   2.2581275e+02   2.4823849e+02
   3.1970000e+03   1.9924399e+02   2.6384657e+02
   3.1980000e+03   2.0149363e+02   2.6238366e+02
   3.2090000e+03   2.0031587e+02   2.6384657e+02
   3.2180000e+03   2.0457909e+02   2.6116740e+02
   3.2280000e+03   2.4055736e+02   2.4082368e+02
   3.2410000e+03   2.4929478e+02   2.3928624e+02
   3.2590000e+03   2.0390506e+02   2.6090257e+02
   3.2730000e+03   2.0329714e+02   2.6258159e+02
   3.2750000e+03   2.0128009e+02   2.6360931e+02
   3.2810000e+03   2.0180753e+02   2.6232608e+02
   3.2840000e+03   2.0908252e+02   2.5849884e+02
   3.2850000e+03   2.1246113e+02   2.5544092e+02
   3.2960000e+03   2.4838904e+02   2.3782211e+02
   3.2980000e+03   2.5486159e+02   2.3409184e+02
   3.3150000e+03   2.4617712e+02   2.4073854e+02
   3.3210000e+03   2.2844134e+02   2.4801428e+02
   3.3220000e+03   2.2396161e+02   2.5038801e+02
   3.3270000e+03   2.0757683e+02   2.5921181e+02
   3.3280000e+03   2.0905328e+02   2.5805312e+02
   3.3440000e+03   2.0089626e+02   2.6203248e+02
   3.3490000e+03   2.0058236e+02   2.6221337e+02
   3.3570000e+03   2.0108057e+02   2.6235487e+02
   3.3590000e+03   2.0260443e+02   2.6231547e+02
   3.3780000e+03   2.6641502e+02   2.3045183e+02
   3.3830000e+03   2.6954116e+02   2.3072848e+02
   3.3840000e+03   2.6845407e+02   2.3254257e+02
   3.4310000e+03   2.0281244e+02   2.6434986e+02
   3.4600000e+03   2.6754280e+02   2.3237229e+02
   3.4610000e+03   2.6456323e+02   2.3339582e+02
   3.4670000e+03   2.3704067e+02   2.4524997e+02
   3.4720000e+03   2.2102826e+02   2.5252449e+02
   3.4780000e+03   2.0938121e+02   2.5761680e+02
   3.4940000e+03   2.0370001e+02   2.6274423e+02
   3.4950000e+03   2.0314886e+02   2.6212823e+02
   3.5040000e+03   2.0322551e+02   2.6194734e+02
   3.5170000e+03   2.1714038e+02   2.5241178e+02
   3.5180000e+03   2.1905360e+02   2.5116796e+02
   3.5200000e+03   2.2599217e+02   2.4816639e+02
   3.5220000e+03   2.3384755e+02   2.4438488e+02
   3.5240000e+03   2.4080015e+02   2.4034917e+02
   3.5340000e+03   2.6500849e+02   2.3180203e+02
   3.5350000e+03   2.6581092e+02   2.3188717e+02
   3.5460000e+03   2.4250279e+02   2.4273352e+02
   3.5490000e+03   2.3435425e+02   2.4528937e+02
   3.5530000e+03   2.2370065e+02   2.4922932e+02
   3.5880000e+03   2.0322551e+02   2.6291451e+02
   3.6210000e+03   2.5061912e+02   2.3916170e+02
   3.6290000e+03   2.2161161e+02   2.5178395e+02
   3.6570000e+03   2.0216766e+02   2.6380717e+02
   3.6600000e+03   2.0119494e+02   2.6334328e+02
   3.6810000e+03   2.0376145e+02   2.6096954e+02
   3.6910000e+03   2.2297369e+02   2.4995291e+02
   3.6920000e+03   2.2404675e+02   2.4949414e+02
   3.6960000e+03   2.3237663e+02   2.4414763e+02
   3.7030000e+03   2.1205360e+02   2.5509096e+02
   3.7040000e+03   2.0798693e+02   2.5751043e+02
   3.7070000e+03   2.0655055e+02   2.5864251e+02
   3.7150000e+03   2.0046867e+02   2.6323193e+02
   3.7170000e+03   2.0022777e+02   2.6313481e+02
   3.7240000e+03   2.0105686e+02   2.6318055e+02
   3.7330000e+03   2.0049721e+02   2.6455954e+02
   3.7490000e+03   2.0061455e+02   2.6411260e+02
   3.7500000e+03   2.0079037e+02   2.6355296e+02
   3.7570000e+03   2.1757715e+02   2.5493763e+02
   3.7590000e+03   2.3373317e+02   2.4554357e+02
   3.7650000e+03   2.5574917e+02   2.3527810e+02
   3.7720000e+03   2.5761912e+02   2.3636860e+02
   3.7750000e+03   2.5543645e+02   2.3606438e+02
   3.7810000e+03   2.4556453e+02   2.4002678e+02
   3.7820000e+03   2.4196685e+02   2.4276231e+02
   3.7900000e+03   2.1651930e+02   2.5472916e+02
   3.7950000e+03   2.0611144e+02   2.6158554e+02
   3.8100000e+03   2.0255148e+02   2.6337206e+02
   3.8120000e+03   2.0160801e+02   2.6443499e+02
   3.8130000e+03   2.0166945e+02   2.6407320e+02
   3.8230000e+03   2.1025475e+02   2.5752105e+02
   3.8280000e+03   2.2961357e+02   2.4658955e+02
   3.8620000e+03   2.1428921e+02   2.5546970e+02
   3.8700000e+03   2.0402794e+02   2.6087379e+02
   3.8770000e+03   2.0264216e+02   2.6188037e+02
   3.8960000e+03   2.0154657e+02   2.6348477e+02
   3.8980000e+03   2.0402240e+02   2.6073229e+02
   3.8990000e+03   2.0820048e+02   2.5980024e+02
   3.9110000e+03   2.5089602e+02   2.3683680e+02
   3.9270000e+03   2.4144493e+02   2.4391038e+02
   3.9290000e+03   2.3385604e+02   2.4786095e+02
   3.9520000e+03   2.0143220e+02   2.6319117e+02
   3.9540000e+03   2.0172239e+02   2.6342842e+02
   3.9550000e+03   2.0199184e+02   2.6383595e+02
   3.9630000e+03   2.0137076e+02   2.6365505e+02
   3.9650000e+03   2.0193041e+02   2.6449135e+02
   3.9680000e+03   2.0210622e+02   2.6455832e+02
   3.9840000e+03   2.3002664e+02   2.4590537e+02
   3.9880000e+03   2.4255573e+02   2.4040553e+02
   3.9900000e+03   2.4756290e+02   2.3787968e+02
   4.0180000e+03   2.0984168e+02   2.5647628e+02
   4.0200000e+03   2.0461129e+02   2.6173887e+02
   4.0360000e+03   2.0227650e+02   2.6375081e+02
   4.0440000e+03   2.0231977e+02   2.6387535e+02
   4.0620000e+03   2.1584527e+02   2.5327687e+02
   4.0840000e+03   2.3964608e+02   2.4448064e+02
   4.0900000e+03   2.1902990e+02   2.5357047e+02
   4.1020000e+03   2.0340686e+02   2.6147283e+02
   4.1180000e+03   2.0018450e+02   2.6366567e+02
   4.1200000e+03   2.0124789e+02   2.6301027e+02
   4.1220000e+03   2.0146143e+02   2.6303906e+02
   4.1250000e+03   2.0067599e+02   2.6286877e+02
