   1.0000000e+00   2.8693838e+02   2.0701537e+02
   7.0000000e+00   2.8660173e+02   2.0734052e+02
   8.0000000e+00   2.8679493e+02   2.0786320e+02
   2.3000000e+01   2.9004117e+02   1.9770956e+02
   2.4000000e+01   2.9033463e+02   1.9634621e+02
   2.9000000e+01   2.9230096e+02   1.8987826e+02
   3.2000000e+01   2.9230096e+02   1.8736556e+02
   3.7000000e+01   2.9088493e+02   1.8450408e+02
   6.6000000e+01   2.8816121e+02   2.0707094e+02
   6.7000000e+01   2.8796801e+02   2.0753088e+02
   7.0000000e+01   2.8890471e+02   2.0870386e+02
   8.0000000e+01   2.8905472e+02   2.0974206e+02
   8.4000000e+01   2.8813191e+02   2.0870386e+02
   8.8000000e+01   2.8969139e+02   2.0715015e+02
   9.8000000e+01   2.9338767e+02   1.9506208e+02
   1.2100000e+02   2.8969796e+02   1.9369873e+02
   1.3200000e+02   2.9136427e+02   2.0993243e+02
   1.3600000e+02   2.9127133e+02   2.1006721e+02
   1.4300000e+02   2.9293764e+02   2.0682500e+02
   1.5900000e+02   2.9530425e+02   1.9143197e+02
   1.7100000e+02   2.9230096e+02   1.7980383e+02
   1.7200000e+02   2.9195775e+02   1.7874917e+02
   1.8000000e+02   2.8964821e+02   1.7830569e+02
   1.8600000e+02   2.9121426e+02   1.8319630e+02
   2.0000000e+02   2.9520399e+02   1.9764682e+02
   2.0500000e+02   2.9456076e+02   2.0404273e+02
   2.3100000e+02   2.9323766e+02   2.0540608e+02
   2.3700000e+02   2.9491785e+02   1.9901017e+02
   2.4000000e+02   2.9496104e+02   1.9480897e+02
   2.4200000e+02   2.9421754e+02   1.9273974e+02
   2.6100000e+02   2.8999142e+02   1.7473833e+02
   2.7000000e+02   2.8862513e+02   1.7014924e+02
   2.7700000e+02   2.8674518e+02   1.7442965e+02
   2.8300000e+02   2.9046419e+02   1.8310162e+02
   2.9700000e+02   2.9289445e+02   1.9893812e+02
   2.9800000e+02   2.9362406e+02   1.9931885e+02
   3.3100000e+02   2.9293764e+02   1.8463886e+02
   3.4700000e+02   2.8718133e+02   1.6957815e+02
   3.5000000e+02   2.8645172e+02   1.6736697e+02
   3.5200000e+02   2.8655198e+02   1.6704182e+02
   3.5800000e+02   2.8610850e+02   1.7324020e+02
   3.6900000e+02   2.9532677e+02   1.9318641e+02
   3.7700000e+02   2.9387433e+02   1.9945364e+02
   4.0500000e+02   2.9333060e+02   1.9479250e+02
   4.1500000e+02   2.9131451e+02   1.8412335e+02
   4.2000000e+02   2.9063466e+02   1.7811533e+02
   4.3800000e+02   2.8941182e+02   1.6671667e+02
   4.4100000e+02   2.8646560e+02   1.6420397e+02
   4.5700000e+02   2.8788164e+02   1.7214642e+02
   4.6500000e+02   2.9176455e+02   1.8108797e+02
   4.6900000e+02   2.9245097e+02   1.8851491e+02
   4.7400000e+02   2.9270125e+02   1.9241459e+02
   4.7500000e+02   2.9328085e+02   1.9388909e+02
   5.1000000e+02   2.9333792e+02   1.9356394e+02
   5.1700000e+02   2.9161454e+02   1.8527270e+02
   5.2600000e+02   2.8999142e+02   1.7847959e+02
   5.4400000e+02   2.8601556e+02   1.7364456e+02
   5.4500000e+02   2.8537889e+02   1.7468276e+02
   5.5500000e+02   2.8506498e+02   1.7679109e+02
   5.8500000e+02   2.8783188e+02   1.9789993e+02
   5.8800000e+02   2.8762480e+02   2.0035705e+02
   5.9700000e+02   2.8728159e+02   2.0559644e+02
   6.0200000e+02   2.8768187e+02   2.0715015e+02
   6.1600000e+02   2.9062809e+02   1.9789993e+02
   6.2500000e+02   2.9131451e+02   1.8890280e+02
   6.4000000e+02   2.8748135e+02   1.7584857e+02
   6.7400000e+02   2.8886152e+02   1.8490844e+02
   6.8100000e+02   2.8886152e+02   1.9667136e+02
   6.8200000e+02   2.8939793e+02   1.9726609e+02
   6.9400000e+02   2.8704520e+02   2.0392441e+02
   7.0000000e+02   2.8856150e+02   2.0527129e+02
   7.0300000e+02   2.8915498e+02   2.0463746e+02
   7.2300000e+02   2.9014143e+02   1.8540749e+02
   7.3700000e+02   2.8783845e+02   1.7255079e+02
   7.4200000e+02   2.8574255e+02   1.6917379e+02
   7.4600000e+02   2.8620144e+02   1.6853995e+02
   7.4900000e+02   2.8512862e+02   1.6712103e+02
   7.5500000e+02   2.8340524e+02   1.6976851e+02
   7.5800000e+02   2.8307591e+02   1.7274115e+02
   7.7300000e+02   2.8924792e+02   1.8910964e+02
   7.7500000e+02   2.9131451e+02   1.9240742e+02
   7.8700000e+02   2.8934818e+02   2.0482782e+02
   7.9000000e+02   2.9022781e+02   2.0670668e+02
   7.9800000e+02   2.9009824e+02   2.0734052e+02
   8.0800000e+02   2.9333792e+02   2.0198997e+02
   8.1800000e+02   2.9441074e+02   1.9221706e+02
   8.2800000e+02   2.9383114e+02   1.8736556e+02
   8.4300000e+02   2.9348793e+02   1.7546785e+02
   8.5700000e+02   2.8969139e+02   1.6782691e+02
   8.6100000e+02   2.8999142e+02   1.7325666e+02
   8.7600000e+02   2.9431780e+02   1.9530802e+02
   8.8700000e+02   2.9230828e+02   2.0319490e+02
   8.8900000e+02   2.9167161e+02   2.0500172e+02
   9.0400000e+02   2.9466102e+02   2.0611196e+02
   9.1900000e+02   2.9585455e+02   1.9233538e+02
   9.3000000e+02   2.9622706e+02   1.8588389e+02
   9.4000000e+02   2.9406753e+02   1.7519827e+02
   9.4900000e+02   2.8618603e+02   1.6439433e+02
   9.6300000e+02   2.8890471e+02   1.7091786e+02
   9.7000000e+02   2.9195775e+02   1.7939947e+02
   9.7500000e+02   2.9381726e+02   1.8755592e+02
   1.0030000e+03   2.9077810e+02   2.0818835e+02
   1.0130000e+03   2.9141477e+02   2.0753088e+02
   1.0220000e+03   2.9243784e+02   2.0778399e+02
   1.0300000e+03   2.9275175e+02   2.0546165e+02
   1.0310000e+03   2.9215827e+02   2.0584955e+02
   1.0540000e+03   2.9662735e+02   1.8406060e+02
   1.0680000e+03   2.9048464e+02   1.7041882e+02
   1.0710000e+03   2.8969139e+02   1.7036324e+02
   1.0790000e+03   2.9239466e+02   1.8387024e+02
   1.1360000e+03   2.8881177e+02   2.0741973e+02
   1.1390000e+03   2.8939137e+02   2.0682500e+02
   1.1470000e+03   2.8998485e+02   2.0592159e+02
   1.1620000e+03   2.9470420e+02   1.9214501e+02
   1.1730000e+03   2.9220802e+02   1.8276000e+02
   1.1800000e+03   2.9107813e+02   1.7876563e+02
   1.1820000e+03   2.9127133e+02   1.7861438e+02
   1.2230000e+03   2.8817510e+02   2.0573123e+02
   1.2330000e+03   2.8743160e+02   2.0851350e+02
   1.2380000e+03   2.8738841e+02   2.0682500e+02
   1.2440000e+03   2.8836830e+02   2.0573123e+02
   1.2570000e+03   2.9097787e+02   1.9407945e+02
   1.2690000e+03   2.9029144e+02   1.8352862e+02
   1.2720000e+03   2.9028488e+02   1.7985941e+02
   1.2750000e+03   2.8974115e+02   1.7746503e+02
   1.2760000e+03   2.8920473e+02   1.7733024e+02
   1.2830000e+03   2.8738841e+02   1.7460355e+02
   1.2970000e+03   2.8808140e+02   1.8788107e+02
   1.3020000e+03   2.8850443e+02   1.9227980e+02
   1.3250000e+03   2.8791826e+02   2.0734052e+02
   1.3270000e+03   2.8806827e+02   2.0734052e+02
   1.3300000e+03   2.8747479e+02   2.0761009e+02
   1.3310000e+03   2.8762480e+02   2.0810914e+02
   1.3330000e+03   2.8728159e+02   2.0728494e+02
   1.3360000e+03   2.8866832e+02   2.0592159e+02
   1.3400000e+03   2.9044146e+02   2.0210112e+02
   1.3730000e+03   2.8979822e+02   1.8204695e+02
   1.4100000e+03   2.8828192e+02   2.0974206e+02
   1.4110000e+03   2.8896178e+02   2.0979764e+02
   1.4130000e+03   2.8955526e+02   2.0897344e+02
   1.4210000e+03   2.8846124e+02   2.0799082e+02
   1.4300000e+03   2.9131451e+02   1.9926327e+02
   1.4420000e+03   2.9244441e+02   1.8884006e+02
   1.4570000e+03   2.8974846e+02   1.7828923e+02
   1.4590000e+03   2.8934818e+02   1.7642683e+02
   1.4600000e+03   2.8919817e+02   1.7591132e+02
   1.4680000e+03   2.8753843e+02   1.8249042e+02
   1.4810000e+03   2.9054171e+02   1.9634621e+02
   1.4970000e+03   2.8832511e+02   2.0611196e+02
   1.5210000e+03   2.8994823e+02   2.0327411e+02
   1.5220000e+03   2.9014143e+02   2.0223591e+02
   1.5290000e+03   2.9230828e+02   1.9634621e+02
   1.5300000e+03   2.9259442e+02   1.9602106e+02
   1.5430000e+03   2.9176455e+02   1.8387024e+02
   1.5510000e+03   2.9157135e+02   1.7953426e+02
   1.5520000e+03   2.9191456e+02   1.7913706e+02
   1.5540000e+03   2.9310153e+02   1.7842402e+02
   1.5590000e+03   2.9217872e+02   1.7546785e+02
   1.5630000e+03   2.9201482e+02   1.7531659e+02
   1.5690000e+03   2.9126476e+02   1.7337498e+02
   1.5820000e+03   2.9157135e+02   1.9099567e+02
   1.5830000e+03   2.9157135e+02   1.9252574e+02
   1.5850000e+03   2.9136427e+02   1.9511765e+02
   1.6000000e+03   2.8694494e+02   2.0592159e+02
   1.6040000e+03   2.8664492e+02   2.0741973e+02
   1.6310000e+03   2.9136427e+02   1.9680615e+02
   1.6500000e+03   2.8964821e+02   1.7947868e+02
   1.6520000e+03   2.8822485e+02   1.7817091e+02
   1.6680000e+03   2.8836830e+02   1.8335472e+02
   1.6700000e+03   2.8856150e+02   1.8548670e+02
   1.6770000e+03   2.9078467e+02   1.9415867e+02
   1.6890000e+03   2.8792483e+02   2.0340889e+02
   1.6970000e+03   2.8723840e+02   2.0889423e+02
   1.7020000e+03   2.8630170e+02   2.1039237e+02
   1.7060000e+03   2.8615169e+02   2.1044794e+02
   1.7070000e+03   2.8590142e+02   2.1020200e+02
   1.7180000e+03   2.9044146e+02   2.0035705e+02
   1.7230000e+03   2.9107813e+02   1.9753566e+02
   1.7320000e+03   2.9197164e+02   1.9086088e+02
   1.7520000e+03   2.8625852e+02   1.7318462e+02
   1.7580000e+03   2.8371258e+02   1.6834959e+02
   1.7600000e+03   2.8390578e+02   1.6673313e+02
   1.7630000e+03   2.8271225e+02   1.6535332e+02
   1.7850000e+03   2.8601556e+02   1.8207059e+02
   1.7870000e+03   2.8830466e+02   1.8521712e+02
   1.7980000e+03   2.8964821e+02   2.0003190e+02
   1.7990000e+03   2.8905472e+02   2.0114214e+02
   1.8030000e+03   2.8788164e+02   2.0327411e+02
   1.8040000e+03   2.8792483e+02   2.0423309e+02
   1.8120000e+03   2.8802508e+02   2.0818835e+02
   1.8130000e+03   2.8738841e+02   2.0818835e+02
   1.8310000e+03   2.9107813e+02   2.0003190e+02
   1.8540000e+03   2.9176455e+02   1.8264168e+02
   1.8560000e+03   2.9210120e+02   1.8076282e+02
   1.8600000e+03   2.9152160e+02   1.7871006e+02
   1.8730000e+03   2.8862513e+02   1.6957815e+02
   1.8850000e+03   2.8430607e+02   1.6944336e+02
   1.8880000e+03   2.8649490e+02   1.7416007e+02
   1.9100000e+03   2.8856150e+02   2.0262381e+02
   1.9130000e+03   2.8708839e+02   2.0431231e+02
   1.9170000e+03   2.8679493e+02   2.0682500e+02
   1.9360000e+03   2.8723840e+02   2.0787967e+02
   1.9730000e+03   2.8674518e+02   1.7118744e+02
   1.9830000e+03   2.8316885e+02   1.7105265e+02
   1.9850000e+03   2.8374189e+02   1.7396971e+02
   2.0340000e+03   2.8905472e+02   2.0043626e+02
   2.0510000e+03   2.8817510e+02   1.8172897e+02
   2.0560000e+03   2.8871151e+02   1.7893953e+02
   2.0650000e+03   2.8768187e+02   1.7333588e+02
   2.0780000e+03   2.8723840e+02   1.9033819e+02
   2.1000000e+03   2.8648834e+02   2.0734052e+02
   2.1090000e+03   2.8547183e+02   2.0883865e+02
   2.1150000e+03   2.8561528e+02   2.0916380e+02
   2.1380000e+03   2.8719521e+02   2.0494614e+02
   2.1410000e+03   2.8778870e+02   2.0131603e+02
   2.1430000e+03   2.8837486e+02   1.9784435e+02
   2.1450000e+03   2.8896835e+02   1.9661579e+02
   2.1470000e+03   2.8998485e+02   1.9556112e+02
   2.1530000e+03   2.8861857e+02   1.8671526e+02
   2.1820000e+03   2.8597238e+02   1.7629205e+02
   2.1840000e+03   2.8576529e+02   1.7842402e+02
   2.2340000e+03   2.8950476e+02   1.9726609e+02
   2.2800000e+03   2.8659516e+02   1.7602247e+02
   2.2810000e+03   2.8605875e+02   1.7706067e+02
   2.2910000e+03   2.8604487e+02   1.8644568e+02
   2.3040000e+03   2.8437856e+02   2.0107010e+02
   2.3180000e+03   2.8427830e+02   2.0818835e+02
   2.3290000e+03   2.8930499e+02   2.0049183e+02
   2.3420000e+03   2.8924792e+02   1.8864970e+02
   2.3470000e+03   2.8939793e+02   1.8482923e+02
   2.3740000e+03   2.8787507e+02   1.8799940e+02
   2.3760000e+03   2.8753843e+02   1.8944195e+02
   2.3780000e+03   2.8600168e+02   1.9155029e+02
   2.3880000e+03   2.8639464e+02   2.0198997e+02
   2.4160000e+03   2.8984141e+02   2.0172040e+02
   2.4180000e+03   2.8939793e+02   1.9997632e+02
   2.4260000e+03   2.8980478e+02   1.9467418e+02
   2.4310000e+03   2.8886809e+02   1.9124161e+02
   2.4330000e+03   2.8920473e+02   1.8944195e+02
   2.4390000e+03   2.8959113e+02   1.8612053e+02
   2.4570000e+03   2.8442831e+02   1.7473833e+02
   2.4610000e+03   2.8630170e+02   1.7946221e+02
   2.4820000e+03   2.8527863e+02   1.9958842e+02
   2.4920000e+03   2.8472834e+02   2.0707811e+02
   2.4950000e+03   2.8487835e+02   2.0709458e+02
   2.4970000e+03   2.8526475e+02   2.0780046e+02
   2.5000000e+03   2.8734523e+02   2.0690422e+02
   2.5030000e+03   2.8941182e+02   2.0313932e+02
   2.5040000e+03   2.8823873e+02   2.0262381e+02
   2.5290000e+03   2.9014143e+02   1.8320347e+02
   2.5420000e+03   2.8818166e+02   1.7454797e+02
   2.5550000e+03   2.8465584e+02   1.7170295e+02
   2.5590000e+03   2.8640853e+02   1.7552342e+02
   2.5620000e+03   2.8777481e+02   1.7844048e+02
   2.5630000e+03   2.8617214e+02   1.7863084e+02
   2.5750000e+03   2.8960502e+02   1.9143197e+02
   2.5790000e+03   2.8753843e+02   1.9525244e+02
   2.6060000e+03   2.8945501e+02   1.9702015e+02
   2.6140000e+03   2.8890471e+02   1.9137639e+02
   2.6160000e+03   2.9054171e+02   1.8895838e+02
   2.6250000e+03   2.8916828e+02   1.8212560e+02
   2.6260000e+03   2.8881177e+02   1.8159418e+02
   2.6270000e+03   2.8925524e+02   1.8074635e+02
   2.6300000e+03   2.8998485e+02   1.7946221e+02
   2.6320000e+03   2.8922700e+02   1.7669592e+02
   2.6340000e+03   2.9004192e+02   1.7629205e+02
   2.6640000e+03   2.9012755e+02   1.8580468e+02
   2.6900000e+03   2.8801120e+02   2.0592159e+02
   2.6910000e+03   2.8773163e+02   2.0573123e+02
   2.7060000e+03   2.9244441e+02   1.9446018e+02
   2.7200000e+03   2.9205801e+02   1.8437646e+02
   2.7250000e+03   2.9200094e+02   1.8218174e+02
   2.7270000e+03   2.9201482e+02   1.8074635e+02
   2.7330000e+03   2.9255124e+02   1.7773460e+02
   2.7480000e+03   2.9167161e+02   1.8658047e+02
   2.7690000e+03   2.9067784e+02   2.0396352e+02
   2.7750000e+03   2.8979822e+02   2.0573123e+02
   2.7880000e+03   2.9220802e+02   2.0204555e+02
   2.8010000e+03   2.9195775e+02   1.9170871e+02
   2.8030000e+03   2.9220802e+02   1.9110682e+02
   2.8050000e+03   2.9283737e+02   1.8924442e+02
   2.8070000e+03   2.9240122e+02   1.8715873e+02
   2.8100000e+03   2.9181430e+02   1.8462240e+02
   2.8110000e+03   2.9285126e+02   1.8493108e+02
   2.8280000e+03   2.9112788e+02   1.7700509e+02
   2.8330000e+03   2.9157135e+02   1.8023084e+02
   2.8370000e+03   2.9142134e+02   1.8352862e+02
   2.8490000e+03   2.9152816e+02   1.9561670e+02
   2.8660000e+03   2.8895446e+02   2.0455825e+02
   2.8730000e+03   2.8885496e+02   2.0669022e+02
   2.8770000e+03   2.8945501e+02   2.0638153e+02
   2.8930000e+03   2.9146453e+02   1.9504561e+02
   2.9030000e+03   2.9122814e+02   1.8780903e+02
   2.9050000e+03   2.9117107e+02   1.8729352e+02
   2.9160000e+03   2.9092811e+02   1.8043766e+02
   2.9180000e+03   2.9029144e+02   1.7946221e+02
   2.9200000e+03   2.8941182e+02   1.7660073e+02
   2.9340000e+03   2.8836726e+02   1.7144553e+02
   2.9350000e+03   2.8921205e+02   1.7151259e+02
   2.9470000e+03   2.8630902e+02   1.7255079e+02
   2.9630000e+03   2.8905472e+02   1.9137639e+02
   2.9700000e+03   2.8811803e+02   1.9759124e+02
   2.9720000e+03   2.8781800e+02   1.9945364e+02
   2.9760000e+03   2.8580848e+02   2.0294896e+02
   2.9770000e+03   2.8600168e+02   2.0262381e+02
   2.9990000e+03   2.8999142e+02   1.9789993e+02
   3.0020000e+03   2.9127133e+02   1.9480897e+02
   3.0370000e+03   2.8670199e+02   1.7306630e+02
   3.0530000e+03   2.8349818e+02   1.6575768e+02
   3.0540000e+03   2.8266831e+02   1.6562289e+02
   3.0550000e+03   2.8296177e+02   1.6562289e+02
   3.0560000e+03   2.8257537e+02   1.6563936e+02
   3.0720000e+03   2.8821096e+02   1.8605779e+02
   3.0760000e+03   2.8836830e+02   1.9097203e+02
   3.0850000e+03   2.8623807e+02   1.9945364e+02
   3.0990000e+03   2.8610850e+02   2.0359926e+02
   3.1230000e+03   2.8999142e+02   1.9225617e+02
   3.1290000e+03   2.8910448e+02   1.8910964e+02
   3.1320000e+03   2.8939793e+02   1.8742831e+02
   3.1360000e+03   2.8920473e+02   1.8444850e+02
   3.1410000e+03   2.8910448e+02   1.8277647e+02
   3.1440000e+03   2.8905472e+02   1.8005694e+02
   3.1670000e+03   2.8659516e+02   1.7562528e+02
   3.1680000e+03   2.8595849e+02   1.7622000e+02
   3.1840000e+03   2.8625852e+02   1.9475339e+02
   3.1870000e+03   2.8512205e+02   1.9751920e+02
   3.2250000e+03   2.8555821e+02   2.0481135e+02
   3.2300000e+03   2.8668810e+02   2.0474861e+02
   3.2360000e+03   2.8802508e+02   2.0049183e+02
   3.2640000e+03   2.8596505e+02   1.7391413e+02
   3.2750000e+03   2.8560796e+02   1.6963373e+02
   3.2820000e+03   2.8560796e+02   1.7519827e+02
   3.3000000e+03   2.8758161e+02   1.9498287e+02
   3.3220000e+03   2.8773163e+02   2.0605638e+02
   3.3230000e+03   2.8718133e+02   2.0547812e+02
   3.3400000e+03   2.9112131e+02   1.9129718e+02
   3.3410000e+03   2.9206457e+02   1.8963232e+02
   3.3450000e+03   2.9186481e+02   1.8671526e+02
   3.3730000e+03   2.8778138e+02   1.7506348e+02
   3.3770000e+03   2.8924792e+02   1.7920911e+02
   3.3800000e+03   2.8969139e+02   1.8141312e+02
   3.4060000e+03   2.8551502e+02   2.0385237e+02
   3.4290000e+03   2.9107813e+02   1.9266053e+02
   3.4300000e+03   2.9048464e+02   1.9175712e+02
   3.4380000e+03   2.9084174e+02   1.8639011e+02
   3.4410000e+03   2.9122814e+02   1.8289479e+02
   3.4430000e+03   2.9092811e+02   1.8115071e+02
   3.4680000e+03   2.8635145e+02   1.7164737e+02
   3.4750000e+03   2.8886152e+02   1.7752060e+02
   3.4980000e+03   2.8600824e+02   1.9776514e+02
   3.5070000e+03   2.8606532e+02   2.0262381e+02
   3.5090000e+03   2.8585823e+02   2.0359926e+02
   3.5120000e+03   2.8634489e+02   2.0417752e+02
   3.5210000e+03   2.8846780e+02   1.9694094e+02
   3.5410000e+03   2.8798846e+02   1.8072371e+02
   3.5510000e+03   2.8648834e+02   1.7228121e+02
   3.5530000e+03   2.8619488e+02   1.7034677e+02
   3.5560000e+03   2.8459221e+02   1.6827038e+02
   3.5650000e+03   2.8291933e+02   1.6548810e+02
   3.5660000e+03   2.8349893e+02   1.6575768e+02
   3.5770000e+03   2.8414217e+02   1.7765539e+02
   3.5860000e+03   2.8738841e+02   1.8943479e+02
   3.5950000e+03   2.8640196e+02   1.9576796e+02
   3.5960000e+03   2.8659516e+02   1.9738441e+02
   3.6080000e+03   2.8649490e+02   2.0365483e+02
   3.6160000e+03   2.8596505e+02   2.0359926e+02
   3.6180000e+03   2.8694494e+02   2.0373405e+02
   3.6280000e+03   2.8851831e+02   1.9550555e+02
   3.6350000e+03   2.8788164e+02   1.9045652e+02
   3.6360000e+03   2.8871151e+02   1.9013137e+02
   3.6380000e+03   2.8886152e+02   1.8857765e+02
   3.6660000e+03   2.8876858e+02   1.7511906e+02
   3.6800000e+03   2.8605875e+02   1.6723935e+02
   3.6960000e+03   2.8296252e+02   1.7105265e+02
   3.7070000e+03   2.8700201e+02   1.8463886e+02
   3.7190000e+03   2.8532182e+02   1.9446735e+02
   3.7200000e+03   2.8630170e+02   1.9523597e+02
   3.7410000e+03   2.8713814e+02   1.9440461e+02
   3.7550000e+03   2.8826804e+02   1.8644568e+02
   3.7720000e+03   2.8548572e+02   1.7203527e+02
   3.7810000e+03   2.8350550e+02   1.6667756e+02
   3.7910000e+03   2.8110958e+02   1.6316577e+02
   3.8020000e+03   2.8558598e+02   1.7203527e+02
   3.8240000e+03   2.8566503e+02   1.9214501e+02
   3.8320000e+03   2.8444219e+02   1.9743999e+02
   3.8350000e+03   2.8517181e+02   1.9855023e+02
   3.8380000e+03   2.8506498e+02   1.9945364e+02
   3.8400000e+03   2.8477884e+02   2.0068220e+02
   3.8630000e+03   2.8999142e+02   1.9576796e+02
   3.8660000e+03   2.9004849e+02   1.9323879e+02
   3.8770000e+03   2.9034851e+02   1.8282275e+02
   3.8800000e+03   2.9034851e+02   1.7919264e+02
   3.8860000e+03   2.8813191e+02   1.7514269e+02
   3.9070000e+03   2.8390578e+02   1.6529774e+02
   3.9320000e+03   2.9008436e+02   1.9361952e+02
   3.9340000e+03   2.9033463e+02   1.9517323e+02
   3.9430000e+03   2.8802508e+02   1.9977879e+02
   3.9670000e+03   2.9009824e+02   1.9939806e+02
   3.9830000e+03   2.9142134e+02   1.8306868e+02
   3.9880000e+03   2.8947607e+02   1.7840438e+02
   3.9890000e+03   2.9107156e+02   1.7779018e+02
   3.9990000e+03   2.8360576e+02   1.6750176e+02
   4.0090000e+03   2.8296909e+02   1.7190048e+02
   4.0170000e+03   2.8768187e+02   1.8566059e+02
   4.0210000e+03   2.8861857e+02   1.8936274e+02
   4.0230000e+03   2.8802508e+02   1.8891927e+02
   4.0270000e+03   2.8783188e+02   1.9342915e+02
   4.0580000e+03   2.9137815e+02   1.9694094e+02
   4.0720000e+03   2.9265149e+02   1.8256964e+02
   4.0730000e+03   2.9220802e+02   1.8180101e+02
   4.1160000e+03   2.8823217e+02   1.8120629e+02
   4.1250000e+03   2.8890471e+02   1.9233538e+02
   4.1290000e+03   2.8871151e+02   1.9557759e+02
   4.1300000e+03   2.8939137e+02   1.9568874e+02
   4.1480000e+03   2.8807484e+02   2.0386883e+02
   4.1490000e+03   2.8851831e+02   2.0423309e+02
   4.1530000e+03   2.9146453e+02   1.9841544e+02
   4.1540000e+03   2.9195119e+02   1.9814587e+02
   4.1660000e+03   2.9107813e+02   1.8579538e+02
   4.1680000e+03   2.9201482e+02   1.8451125e+02
   4.2010000e+03   2.8469903e+02   1.7552342e+02
   4.2080000e+03   2.8871151e+02   1.8362430e+02
   4.2090000e+03   2.8866832e+02   1.8516155e+02
   4.2190000e+03   2.8871151e+02   1.9738441e+02
   4.2300000e+03   2.8822485e+02   2.0327411e+02
   4.2310000e+03   2.8807484e+02   2.0327411e+02
   4.2330000e+03   2.8826804e+02   2.0386883e+02
   4.2740000e+03   2.8939137e+02   1.7953426e+02
   4.2750000e+03   2.8915498e+02   1.7907432e+02
   4.3070000e+03   2.8000669e+02   1.6810503e+02
   4.3080000e+03   2.8304889e+02   1.6963373e+02
   4.3130000e+03   2.8571554e+02   1.7675198e+02
   4.3140000e+03   2.8649490e+02   1.7844048e+02
   4.3320000e+03   2.8758161e+02   1.9976232e+02
   4.3370000e+03   2.8655854e+02   2.0450267e+02
   4.3440000e+03   2.8875470e+02   2.0580327e+02
   4.3500000e+03   2.8950476e+02   2.0561291e+02
   4.3510000e+03   2.8989116e+02   2.0509740e+02
   4.3780000e+03   2.8930499e+02   1.8082556e+02
   4.3910000e+03   2.8713890e+02   1.7272468e+02
   4.4070000e+03   2.8119595e+02   1.6439433e+02
   4.4180000e+03   2.8753186e+02   1.7531659e+02
   4.4360000e+03   2.8920473e+02   1.9402388e+02
   4.4430000e+03   2.8694494e+02   1.9977879e+02
   4.4510000e+03   2.8587212e+02   2.0515297e+02
   4.4540000e+03   2.8595849e+02   2.0573123e+02
   4.4760000e+03   2.8949819e+02   1.9026615e+02
   4.4860000e+03   2.9052783e+02   1.8262521e+02
   4.4900000e+03   2.8675906e+02   1.7798054e+02
   4.4960000e+03   2.8541551e+02   1.7258989e+02
   4.5040000e+03   2.8251905e+02   1.6485427e+02
   4.5090000e+03   2.7900471e+02   1.6208691e+02
   4.5110000e+03   2.8025926e+02   1.6180242e+02
   4.5330000e+03   2.8723840e+02   1.8792018e+02
   4.5400000e+03   2.8625852e+02   1.9498287e+02
   4.5490000e+03   2.8659516e+02   2.0145082e+02
   4.5760000e+03   2.8911179e+02   1.9201023e+02
   4.5890000e+03   2.8754574e+02   1.8038209e+02
   4.5930000e+03   2.8710227e+02   1.7622000e+02
   4.5990000e+03   2.8358531e+02   1.7260636e+02
   4.6080000e+03   2.8040270e+02   1.6594804e+02
   4.6120000e+03   2.7970240e+02   1.6188163e+02
   4.6210000e+03   2.7887252e+02   1.6039996e+02
   4.6230000e+03   2.8113888e+02   1.6471948e+02
   4.6410000e+03   2.8640853e+02   1.9091646e+02
   4.6440000e+03   2.8758161e+02   1.9415867e+02
