   1.0000000e+00   2.4956645e+02   2.4616167e+02
   1.8000000e+01   2.0905718e+02   2.6522005e+02
   2.2000000e+01   2.0839102e+02   2.6519900e+02
   5.4000000e+01   2.2990320e+02   2.5355970e+02
   6.4000000e+01   2.6233771e+02   2.4070299e+02
   6.6000000e+01   2.6533483e+02   2.3998436e+02
   6.8000000e+01   2.6713625e+02   2.3959664e+02
   7.6000000e+01   2.5876747e+02   2.4349560e+02
   7.9000000e+01   2.4671969e+02   2.4938739e+02
   8.5000000e+01   2.2773357e+02   2.5707981e+02
   8.9000000e+01   2.1654391e+02   2.6123107e+02
   1.0300000e+02   2.0667478e+02   2.6677090e+02
   1.1200000e+02   2.0743790e+02   2.6587224e+02
   1.4600000e+02   2.6710758e+02   2.3982207e+02
   1.5100000e+02   2.6182503e+02   2.4202259e+02
   1.6300000e+02   2.2364869e+02   2.5729002e+02
   1.6400000e+02   2.2139192e+02   2.5914492e+02
   1.7300000e+02   2.0749326e+02   2.6459473e+02
   1.8800000e+02   2.0694799e+02   2.6597443e+02
   1.9600000e+02   2.0510497e+02   2.6717078e+02
   2.0500000e+02   2.0745674e+02   2.6478694e+02
   2.2700000e+02   2.6700161e+02   2.3900455e+02
   2.5400000e+02   2.0984700e+02   2.6358170e+02
   2.5900000e+02   2.0829406e+02   2.6508463e+02
   2.6000000e+02   2.0875727e+02   2.6457368e+02
   2.6800000e+02   2.0847816e+02   2.6610984e+02
   2.6900000e+02   2.0554738e+02   2.6708964e+02
   2.8000000e+02   2.0462882e+02   2.6864684e+02
   3.0400000e+02   2.2953695e+02   2.5434730e+02
   3.1800000e+02   2.6645125e+02   2.4009872e+02
   3.2200000e+02   2.6645125e+02   2.4064289e+02
   3.5200000e+02   2.0599176e+02   2.6729733e+02
   3.5700000e+02   2.0466731e+02   2.6773931e+02
   3.6000000e+02   2.0540176e+02   2.6832253e+02
   3.6100000e+02   2.0353008e+02   2.6924224e+02
   3.6200000e+02   2.0480392e+02   2.6803701e+02
   3.6300000e+02   2.0542257e+02   2.6842472e+02
   3.6700000e+02   2.0474272e+02   2.6969216e+02
   3.7100000e+02   2.0338758e+02   2.6964213e+02
   3.7400000e+02   2.0297187e+02   2.6905891e+02
   3.8200000e+02   2.1058735e+02   2.6424024e+02
   3.8500000e+02   2.2040112e+02   2.5845064e+02
   3.8700000e+02   2.2721553e+02   2.5509455e+02
   3.8900000e+02   2.3253603e+02   2.5300083e+02
   3.9600000e+02   2.5696016e+02   2.4130726e+02
   4.0500000e+02   2.6679080e+02   2.3892341e+02
   4.1500000e+02   2.3422165e+02   2.5313876e+02
   4.2200000e+02   2.1741301e+02   2.6040138e+02
   4.2500000e+02   2.1216224e+02   2.6286307e+02
   4.3300000e+02   2.0568202e+02   2.6609766e+02
   4.3900000e+02   2.0502881e+02   2.6737516e+02
   4.4800000e+02   2.0515444e+02   2.6768504e+02
   4.4900000e+02   2.0448828e+02   2.6640754e+02
   4.5600000e+02   2.0335105e+02   2.6811485e+02
   5.1800000e+02   2.0494953e+02   2.6700850e+02
   5.2900000e+02   2.0435168e+02   2.6794369e+02
   5.3000000e+02   2.0532560e+02   2.6750171e+02
   5.3100000e+02   2.0388847e+02   2.6920902e+02
   5.3800000e+02   2.0438034e+02   2.6752275e+02
   5.4200000e+02   2.0438034e+02   2.6852691e+02
   5.4700000e+02   2.0786148e+02   2.6601982e+02
   5.5400000e+02   2.2484439e+02   2.5653564e+02
   5.5600000e+02   2.3253603e+02   2.5327417e+02
   5.6000000e+02   2.4174999e+02   2.4817885e+02
   5.6100000e+02   2.4550041e+02   2.4685926e+02
   5.8300000e+02   2.3455022e+02   2.5385740e+02
   5.9000000e+02   2.1705659e+02   2.6110784e+02
   5.9400000e+02   2.0943325e+02   2.6447149e+02
   5.9500000e+02   2.0839102e+02   2.6470910e+02
   6.0200000e+02   2.0511480e+02   2.6693066e+02
   6.0600000e+02   2.0494167e+02   2.6769391e+02
   6.1400000e+02   2.0371730e+02   2.6904673e+02
   6.1800000e+02   2.0385079e+02   2.6861692e+02
   6.3200000e+02   2.0541274e+02   2.6661192e+02
   6.4500000e+02   2.3996741e+02   2.4837437e+02
   6.4600000e+02   2.4209544e+02   2.4690135e+02
   6.7700000e+02   2.1844230e+02   2.6003471e+02
   6.8300000e+02   2.1011316e+02   2.6403586e+02
   6.8700000e+02   2.0684005e+02   2.6619098e+02
   7.0200000e+02   2.0459622e+02   2.6756181e+02
   7.0300000e+02   2.0480703e+02   2.6776035e+02
   7.1500000e+02   2.0351632e+02   2.6865597e+02
   7.2600000e+02   2.1858988e+02   2.5912387e+02
   7.3700000e+02   2.5138868e+02   2.4348342e+02
   7.5400000e+02   2.4118982e+02   2.5066490e+02
   7.8400000e+02   2.0456248e+02   2.6850256e+02
   7.8700000e+02   2.0552855e+02   2.6730620e+02
   8.1900000e+02   2.3728707e+02   2.5155469e+02
   8.3000000e+02   2.6028388e+02   2.4277697e+02
   8.3700000e+02   2.5395124e+02   2.4526301e+02
   8.4000000e+02   2.4705924e+02   2.4826000e+02
   8.4700000e+02   2.2236583e+02   2.5853902e+02
   9.2300000e+02   2.6013942e+02   2.4149946e+02
   9.3200000e+02   2.3590923e+02   2.5264886e+02
   9.3600000e+02   2.2449967e+02   2.5749240e+02
   9.4300000e+02   2.1176422e+02   2.6301066e+02
   9.4400000e+02   2.1069529e+02   2.6402368e+02
   9.5800000e+02   2.0436249e+02   2.6815239e+02
   9.6000000e+02   2.0530792e+02   2.6735412e+02
   9.7000000e+02   2.0530988e+02   2.6694536e+02
   1.0070000e+03   2.6246478e+02   2.4099794e+02
   1.0120000e+03   2.6827348e+02   2.3827705e+02
   1.0160000e+03   2.6245941e+02   2.4119289e+02
   1.0430000e+03   2.0539336e+02   2.6778383e+02
   1.0500000e+03   2.0307195e+02   2.6895924e+02
   1.0530000e+03   2.0464373e+02   2.6846934e+02
   1.0600000e+03   2.0425124e+02   2.6915844e+02
   1.0790000e+03   2.0821200e+02   2.6513256e+02
   1.0880000e+03   2.4029402e+02   2.4857874e+02
   1.1060000e+03   2.6280310e+02   2.4112486e+02
   1.1110000e+03   2.5644158e+02   2.4414779e+02
   1.1290000e+03   2.0341936e+02   2.6916692e+02
   1.1480000e+03   2.0111292e+02   2.7071527e+02
   1.1580000e+03   2.0206695e+02   2.7012345e+02
   1.1750000e+03   2.3868457e+02   2.5065603e+02
   1.1830000e+03   2.5945364e+02   2.4228438e+02
   1.1870000e+03   2.6124012e+02   2.4272270e+02
   1.1990000e+03   2.3503424e+02   2.5309667e+02
   1.2090000e+03   2.1097061e+02   2.6368363e+02
   1.2150000e+03   2.0529890e+02   2.6643441e+02
   1.2180000e+03   2.0327374e+02   2.6877921e+02
   1.2300000e+03   2.0261748e+02   2.6936722e+02
   1.2520000e+03   2.0397953e+02   2.6970223e+02
   1.2620000e+03   2.3327639e+02   2.5175907e+02
   1.2650000e+03   2.4229779e+02   2.4841178e+02
   1.2750000e+03   2.6730938e+02   2.3908570e+02
   1.2800000e+03   2.6913274e+02   2.3967779e+02
   1.3140000e+03   2.0663625e+02   2.6828223e+02
   1.3220000e+03   2.0292945e+02   2.6994235e+02
   1.3360000e+03   2.0300561e+02   2.7088641e+02
   1.3440000e+03   2.0905108e+02   2.6624541e+02
   1.3500000e+03   2.2893910e+02   2.5523709e+02
   1.3740000e+03   2.5575463e+02   2.4378112e+02
   1.3750000e+03   2.5379039e+02   2.4529181e+02
   1.3800000e+03   2.4053857e+02   2.5162366e+02
   1.3810000e+03   2.3582324e+02   2.5324095e+02
   1.3850000e+03   2.2470489e+02   2.5820627e+02
   1.3880000e+03   2.1886112e+02   2.6008263e+02
   1.3920000e+03   2.1161500e+02   2.6394506e+02
   1.4160000e+03   2.0399097e+02   2.6821768e+02
   1.4190000e+03   2.0379854e+02   2.6927494e+02
   1.4200000e+03   2.0307506e+02   2.7021570e+02
   1.4220000e+03   2.0133771e+02   2.7122622e+02
   1.4370000e+03   2.0881968e+02   2.6570691e+02
   1.4380000e+03   2.1292340e+02   2.6420702e+02
   1.4570000e+03   2.6637823e+02   2.4083083e+02
   1.4590000e+03   2.6923954e+02   2.3939226e+02
   1.4640000e+03   2.6882579e+02   2.4003558e+02
   1.4750000e+03   2.4345470e+02   2.5122701e+02
   1.4770000e+03   2.3696047e+02   2.5402855e+02
   1.4790000e+03   2.2994480e+02   2.5592250e+02
   1.4800000e+03   2.2884312e+02   2.5644799e+02
   1.4880000e+03   2.0993922e+02   2.6480494e+02
   1.4950000e+03   2.0517524e+02   2.6763077e+02
   1.5220000e+03   2.0235127e+02   2.7001579e+02
   1.5230000e+03   2.0228213e+02   2.7036329e+02
   1.5300000e+03   2.0277597e+02   2.6994566e+02
   1.5320000e+03   2.0199705e+02   2.7109453e+02
   1.5400000e+03   2.2645581e+02   2.5662896e+02
   1.5410000e+03   2.2765937e+02   2.5601252e+02
   1.5800000e+03   2.2123053e+02   2.6159260e+02
   1.5890000e+03   2.0767147e+02   2.6735743e+02
   1.5900000e+03   2.0582845e+02   2.6762494e+02
   1.5920000e+03   2.0638053e+02   2.6830695e+02
   1.5940000e+03   2.0444078e+02   2.6907691e+02
   1.5970000e+03   2.0442194e+02   2.6917910e+02
   1.6270000e+03   2.1790657e+02   2.6163133e+02
   1.6310000e+03   2.2967355e+02   2.5473501e+02
   1.6400000e+03   2.6005539e+02   2.4256372e+02
   1.6590000e+03   2.5672349e+02   2.4401462e+02
   1.6880000e+03   2.0422212e+02   2.7088972e+02
   1.6900000e+03   2.0358462e+02   2.6981659e+02
   1.6930000e+03   2.0368985e+02   2.6975581e+02
   1.7220000e+03   2.2147316e+02   2.5840855e+02
   1.7440000e+03   2.6393143e+02   2.4221810e+02
   1.7710000e+03   2.0353230e+02   2.6929899e+02
   1.7830000e+03   2.0265034e+02   2.6977119e+02
   1.7860000e+03   2.0215847e+02   2.7106975e+02
   1.8010000e+03   2.0119552e+02   2.7248572e+02
   1.8190000e+03   2.5737390e+02   2.4281019e+02
   1.8310000e+03   2.6789937e+02   2.4046539e+02
   1.8630000e+03   2.0337759e+02   2.7020469e+02
   1.8650000e+03   2.0371754e+02   2.6845842e+02
   1.8840000e+03   2.0123089e+02   2.7097973e+02
   1.8850000e+03   2.0174017e+02   2.7038251e+02
   1.8940000e+03   2.0212865e+02   2.7033337e+02
   1.9160000e+03   2.6447671e+02   2.4075091e+02
   1.9200000e+03   2.6701800e+02   2.4023354e+02
   1.9210000e+03   2.6677786e+02   2.3999653e+02
   1.9540000e+03   2.0207132e+02   2.7046548e+02
   1.9630000e+03   2.0154406e+02   2.7018477e+02
   1.9740000e+03   2.0151000e+02   2.7150286e+02
   1.9760000e+03   2.0288981e+02   2.7063411e+02
   1.9870000e+03   2.3376104e+02   2.5160811e+02
   1.9880000e+03   2.3521441e+02   2.5082718e+02
   1.9930000e+03   2.4772540e+02   2.4526301e+02
   2.0040000e+03   2.5798823e+02   2.4211873e+02
   2.0050000e+03   2.5999691e+02   2.4111758e+02
   2.0130000e+03   2.4144223e+02   2.5131709e+02
   2.0140000e+03   2.3794752e+02   2.5225962e+02
   2.0200000e+03   2.1777890e+02   2.6290426e+02
   2.0310000e+03   2.0616800e+02   2.6794952e+02
   2.0330000e+03   2.0232034e+02   2.7032089e+02
   2.0390000e+03   2.0383196e+02   2.6991243e+02
   2.0430000e+03   2.0130509e+02   2.7110549e+02
   2.0440000e+03   2.0260473e+02   2.7105580e+02
   2.0530000e+03   2.0234928e+02   2.7043556e+02
   2.0610000e+03   2.0056474e+02   2.7164079e+02
   2.1130000e+03   2.3076038e+02   2.5597724e+02
   2.1240000e+03   2.0896604e+02   2.6559267e+02
   2.1260000e+03   2.0427748e+02   2.6850839e+02
   2.1310000e+03   2.0191445e+02   2.6972213e+02
   2.1340000e+03   2.0208705e+02   2.7037215e+02
   2.1520000e+03   2.0125955e+02   2.7034224e+02
   2.1550000e+03   2.0467442e+02   2.6931484e+02
   2.1560000e+03   2.0485453e+02   2.6944027e+02
   2.1650000e+03   2.3093756e+02   2.5419084e+02
   2.1830000e+03   2.6579695e+02   2.4094850e+02
   2.1850000e+03   2.6374421e+02   2.4134300e+02
   2.1860000e+03   2.6160325e+02   2.4236821e+02
   2.1940000e+03   2.3709548e+02   2.5273036e+02
   2.1970000e+03   2.2884721e+02   2.5548939e+02
   2.1980000e+03   2.2683188e+02   2.5659574e+02
   2.1990000e+03   2.2361897e+02   2.5794951e+02
   2.2060000e+03   2.1132018e+02   2.6409518e+02
   2.2140000e+03   2.0664841e+02   2.6701433e+02
   2.2260000e+03   2.0278396e+02   2.7022803e+02
   2.2350000e+03   2.0007374e+02   2.7154959e+02
   2.2390000e+03   2.0046387e+02   2.7219709e+02
   2.2400000e+03   2.0214798e+02   2.7093431e+02
   2.2450000e+03   2.0766765e+02   2.6619382e+02
   2.2480000e+03   2.1914646e+02   2.6185004e+02
   2.2570000e+03   2.5067619e+02   2.4418211e+02
   2.2690000e+03   2.7357683e+02   2.3671402e+02
   2.2790000e+03   2.6510322e+02   2.4062185e+02
   2.3320000e+03   2.0219999e+02   2.7235917e+02
   2.3390000e+03   2.1402410e+02   2.6430921e+02
   2.3420000e+03   2.2308065e+02   2.5922859e+02
   2.3480000e+03   2.4424714e+02   2.4955875e+02
   2.3670000e+03   2.7082818e+02   2.3884226e+02
   2.3690000e+03   2.6788643e+02   2.4058862e+02
   2.3820000e+03   2.2683418e+02   2.5758095e+02
   2.3860000e+03   2.1658355e+02   2.6220201e+02
   2.3920000e+03   2.0354810e+02   2.6918162e+02
   2.3930000e+03   2.0447602e+02   2.6847444e+02
   2.4100000e+03   2.0178436e+02   2.7126778e+02
   2.4340000e+03   2.2242940e+02   2.5964065e+02
   2.4430000e+03   2.5816705e+02   2.4402863e+02
   2.4450000e+03   2.6248529e+02   2.4118655e+02
   2.4570000e+03   2.6232984e+02   2.4157174e+02
   2.4730000e+03   2.2258241e+02   2.5970741e+02
   2.5060000e+03   2.0072018e+02   2.7102434e+02
   2.5130000e+03   2.0130705e+02   2.7104870e+02
   2.5170000e+03   2.0172881e+02   2.7177406e+02
   2.5570000e+03   2.6176967e+02   2.4287029e+02
   2.5630000e+03   2.4939529e+02   2.4795343e+02
   2.5710000e+03   2.2675979e+02   2.5763480e+02
   2.5740000e+03   2.1913712e+02   2.6059689e+02
   2.5780000e+03   2.1277904e+02   2.6396973e+02
   2.5920000e+03   2.0472947e+02   2.6900974e+02
   2.6040000e+03   2.0266803e+02   2.7187839e+02
   2.6290000e+03   2.3261843e+02   2.5439522e+02
   2.6330000e+03   2.4615619e+02   2.4648823e+02
   2.6520000e+03   2.6623259e+02   2.3972319e+02
   2.6530000e+03   2.6434207e+02   2.4028205e+02
   2.6580000e+03   2.4610568e+02   2.4857779e+02
   2.6590000e+03   2.4350702e+02   2.4921876e+02
   2.6600000e+03   2.4236668e+02   2.5002741e+02
   2.6630000e+03   2.3183697e+02   2.5550540e+02
   2.6700000e+03   2.1621453e+02   2.6273096e+02
   2.6720000e+03   2.1152786e+02   2.6540590e+02
   2.7060000e+03   2.0303473e+02   2.7093219e+02
   2.7150000e+03   2.2321725e+02   2.5800535e+02
   2.7250000e+03   2.5967817e+02   2.4115967e+02
   2.7330000e+03   2.7212863e+02   2.3746922e+02
   2.7340000e+03   2.7210005e+02   2.3759163e+02
   2.7350000e+03   2.7053024e+02   2.3759163e+02
   2.7500000e+03   2.4020968e+02   2.5060207e+02
   2.7710000e+03   2.0504174e+02   2.6755850e+02
   2.7750000e+03   2.0457067e+02   2.6908830e+02
   2.7800000e+03   2.0544589e+02   2.6887659e+02
   2.7810000e+03   2.0507352e+02   2.6961143e+02
   2.7830000e+03   2.0418559e+02   2.6941035e+02
   2.7840000e+03   2.0295555e+02   2.7104692e+02
   2.8350000e+03   2.3121782e+02   2.5670680e+02
   2.8380000e+03   2.2617392e+02   2.5953846e+02
   2.8670000e+03   2.0326179e+02   2.7210352e+02
   2.8690000e+03   2.0392417e+02   2.7152973e+02
   2.8760000e+03   2.0657388e+02   2.6923589e+02
   2.8770000e+03   2.0882857e+02   2.6796165e+02
   2.8860000e+03   2.3924590e+02   2.5052949e+02
   2.9000000e+03   2.6678294e+02   2.4039642e+02
   2.9140000e+03   2.3976010e+02   2.5331511e+02
   2.9160000e+03   2.3144156e+02   2.5653564e+02
   2.9170000e+03   2.2894418e+02   2.5709782e+02
   2.9190000e+03   2.2223615e+02   2.6113477e+02
   2.9590000e+03   2.1625417e+02   2.6290212e+02
   2.9610000e+03   2.2203449e+02   2.5942410e+02
   2.9650000e+03   2.3343297e+02   2.5414187e+02
   2.9700000e+03   2.5146009e+02   2.4585510e+02
   2.9790000e+03   2.6442134e+02   2.4126186e+02
   2.9930000e+03   2.3337677e+02   2.5601304e+02
   3.0150000e+03   2.0410435e+02   2.7105757e+02
   3.0190000e+03   2.0233159e+02   2.7143641e+02
   3.0420000e+03   2.2329795e+02   2.5885337e+02
   3.0440000e+03   2.2704072e+02   2.5662565e+02
   3.0680000e+03   2.5846478e+02   2.4421676e+02
   3.0780000e+03   2.2271551e+02   2.6017963e+02
   3.1030000e+03   2.0241873e+02   2.7276818e+02
   3.1050000e+03   2.0103893e+02   2.7214287e+02
   3.1180000e+03   2.0007524e+02   2.7359579e+02
   3.1270000e+03   2.0389354e+02   2.7011351e+02
   3.1310000e+03   2.1546909e+02   2.6368389e+02
   3.1330000e+03   2.2190262e+02   2.6079424e+02
   3.1420000e+03   2.5138081e+02   2.4520874e+02
   3.1480000e+03   2.6640883e+02   2.4088632e+02
   3.1660000e+03   2.3062501e+02   2.5740276e+02
   3.1670000e+03   2.2766723e+02   2.5885940e+02
   3.1950000e+03   2.0316891e+02   2.7134640e+02
   3.1970000e+03   2.0312869e+02   2.7161913e+02
   3.2050000e+03   2.0197632e+02   2.7234725e+02
   3.2230000e+03   2.5687613e+02   2.4186613e+02
   3.2320000e+03   2.7372008e+02   2.3788685e+02
   3.2430000e+03   2.5471748e+02   2.4565072e+02
   3.2550000e+03   2.1272242e+02   2.6508794e+02
   3.2680000e+03   2.0370770e+02   2.7140257e+02
   3.2770000e+03   2.0171294e+02   2.7269921e+02
   3.2850000e+03   2.0226329e+02   2.7193849e+02
   3.2910000e+03   2.0167376e+02   2.7303393e+02
   3.2920000e+03   2.0124187e+02   2.7235943e+02
   3.3090000e+03   2.2724874e+02   2.5732325e+02
   3.3440000e+03   2.1229611e+02   2.6591412e+02
   3.3470000e+03   2.0962833e+02   2.6643441e+02
   3.3520000e+03   2.0477050e+02   2.6905256e+02
   3.3660000e+03   2.0076324e+02   2.7064294e+02
   3.3700000e+03   2.0110723e+02   2.7263277e+02
   3.3810000e+03   1.9993036e+02   2.7283715e+02
   3.3940000e+03   2.0111065e+02   2.7246136e+02
   3.3950000e+03   2.0075982e+02   2.7388340e+02
   3.3970000e+03   2.0119633e+02   2.7230516e+02
   3.4040000e+03   1.9986321e+02   2.7384961e+02
   3.4450000e+03   2.2035002e+02   2.6189796e+02
   3.4580000e+03   2.0137257e+02   2.7115672e+02
   3.4620000e+03   2.0044677e+02   2.7304795e+02
   3.4730000e+03   1.9924537e+02   2.7315590e+02
   3.4740000e+03   2.0006697e+02   2.7295152e+02
   3.4860000e+03   2.0093182e+02   2.7243481e+02
   3.4940000e+03   2.0073902e+02   2.7127412e+02
   3.5060000e+03   2.4192427e+02   2.4894541e+02
   3.5090000e+03   2.5110505e+02   2.4555634e+02
   3.5120000e+03   2.5487767e+02   2.4342916e+02
   3.5160000e+03   2.5455892e+02   2.4476093e+02
   3.5310000e+03   2.2234853e+02   2.6021836e+02
   3.5320000e+03   2.2119914e+02   2.6129700e+02
   3.5390000e+03   2.0570479e+02   2.6818712e+02
   3.5480000e+03   2.0054073e+02   2.7131293e+02
   3.5500000e+03   2.0118339e+02   2.7298474e+02
   3.5610000e+03   1.9978474e+02   2.7312015e+02
   3.5680000e+03   2.0090771e+02   2.7312357e+02
   3.5720000e+03   1.9985108e+02   2.7418110e+02
   3.6160000e+03   2.1954022e+02   2.6191014e+02
   3.6400000e+03   2.0199932e+02   2.7243664e+02
   3.6590000e+03   2.0050937e+02   2.7283715e+02
   3.6630000e+03   1.9963242e+02   2.7335140e+02
   3.6650000e+03   2.0179411e+02   2.7205261e+02
   3.6740000e+03   2.2694883e+02   2.5717565e+02
   3.6930000e+03   2.5870425e+02   2.4355239e+02
   3.7160000e+03   2.0346473e+02   2.7158369e+02
   3.7220000e+03   2.0155750e+02   2.7224506e+02
   3.7400000e+03   2.0099928e+02   2.7325809e+02
   3.7470000e+03   2.0166100e+02   2.7285574e+02
   3.7520000e+03   2.0083598e+02   2.7287037e+02
   3.7760000e+03   2.6072629e+02   2.4388331e+02
   3.7770000e+03   2.6148216e+02   2.4374826e+02
   3.7810000e+03   2.6050763e+02   2.4420206e+02
   3.7930000e+03   2.2906784e+02   2.5837532e+02
   3.8130000e+03   2.0204581e+02   2.7161708e+02
   3.8170000e+03   2.0088348e+02   2.7206172e+02
   3.8270000e+03   2.0065384e+02   2.7291829e+02
   3.8280000e+03   2.0069795e+02   2.7315014e+02
   3.8400000e+03   1.9945617e+02   2.7387705e+02
   3.8600000e+03   2.4496300e+02   2.4980198e+02
   3.8810000e+03   2.5319886e+02   2.4743045e+02
   3.8840000e+03   2.3949634e+02   2.5252563e+02
   3.9060000e+03   2.0255026e+02   2.7137631e+02
   3.9090000e+03   2.0113931e+02   2.7219537e+02
   3.9310000e+03   1.9856038e+02   2.7369120e+02
   3.9370000e+03   2.0086464e+02   2.7254276e+02
   3.9410000e+03   2.0686104e+02   2.6830695e+02
   3.9530000e+03   2.3562809e+02   2.5389837e+02
   3.9620000e+03   2.1336465e+02   2.6505472e+02
   3.9640000e+03   2.0988452e+02   2.6740213e+02
   3.9650000e+03   2.0744773e+02   2.6926024e+02
   3.9860000e+03   2.0073787e+02   2.7362475e+02
   3.9960000e+03   2.0123100e+02   2.7381088e+02
   4.0110000e+03   2.2202941e+02   2.6000149e+02
   4.0130000e+03   2.2902820e+02   2.5631022e+02
   4.0160000e+03   2.3836250e+02   2.5299637e+02
   4.0250000e+03   2.5610990e+02   2.4526301e+02
   4.0280000e+03   2.5390063e+02   2.4588832e+02
   4.0400000e+03   2.2139684e+02   2.6098277e+02
   4.0440000e+03   2.1328653e+02   2.6588441e+02
   4.0540000e+03   2.0067268e+02   2.7264495e+02
   4.0630000e+03   2.0024155e+02   2.7271665e+02
   4.0950000e+03   2.3324969e+02   2.5422406e+02
   4.1170000e+03   2.6313064e+02   2.4223280e+02
   4.1210000e+03   2.5666046e+02   2.4569543e+02
   4.1400000e+03   2.0380640e+02   2.6955464e+02
   4.1470000e+03   2.0198615e+02   2.7201963e+02
   4.1520000e+03   2.0216389e+02   2.7140322e+02
   4.1610000e+03   2.0171954e+02   2.7160516e+02
   4.1690000e+03   2.0063304e+02   2.7224506e+02
   4.1700000e+03   2.0027022e+02   2.7270264e+02
   4.1930000e+03   2.5523016e+02   2.4443331e+02
   4.2000000e+03   2.6234082e+02   2.4255154e+02
   4.2110000e+03   2.5230337e+02   2.4711171e+02
   4.2170000e+03   2.3662092e+02   2.5389314e+02
   4.2510000e+03   2.0133883e+02   2.7257598e+02
   4.2590000e+03   2.0089862e+02   2.7309739e+02
   4.2600000e+03   1.9997786e+02   2.7418110e+02
   4.2690000e+03   2.0521291e+02   2.7072995e+02
   4.2770000e+03   2.2533783e+02   2.5904520e+02
   4.2840000e+03   2.4529746e+02   2.4823895e+02
   4.2920000e+03   2.5388491e+02   2.4583406e+02
   4.2970000e+03   2.5176439e+02   2.4669077e+02
   4.3180000e+03   2.0469123e+02   2.7046548e+02
   4.3210000e+03   2.0333025e+02   2.7119298e+02
   4.3290000e+03   2.0303473e+02   2.7271519e+02
   4.3370000e+03   2.0131803e+02   2.7307475e+02
   4.3560000e+03   2.1092690e+02   2.6519900e+02
   4.3570000e+03   2.1320296e+02   2.6457385e+02
   4.3730000e+03   2.5674739e+02   2.4300570e+02
   4.3740000e+03   2.5951487e+02   2.4137623e+02
   4.3830000e+03   2.5676263e+02   2.4500996e+02
   4.3940000e+03   2.3066632e+02   2.5669793e+02
   4.4050000e+03   2.0915414e+02   2.6837045e+02
   4.4060000e+03   2.0771877e+02   2.6865079e+02
   4.4070000e+03   2.0580765e+02   2.6995453e+02
   4.4080000e+03   2.0575229e+02   2.7093433e+02
   4.4200000e+03   2.0415500e+02   2.7278011e+02
   4.4220000e+03   2.0227115e+02   2.7234725e+02
   4.4360000e+03   2.0224249e+02   2.7315590e+02
   4.4380000e+03   2.0414819e+02   2.7158039e+02
   4.4480000e+03   2.3559048e+02   2.5435947e+02
   4.4490000e+03   2.4115946e+02   2.5135572e+02
   4.4650000e+03   2.6907745e+02   2.4080758e+02
   4.4680000e+03   2.6207433e+02   2.4420206e+02
   4.4750000e+03   2.4841825e+02   2.4886427e+02
   4.4840000e+03   2.1974806e+02   2.6177042e+02
   4.4860000e+03   2.1610347e+02   2.6338950e+02
   4.4880000e+03   2.1085073e+02   2.6577005e+02
   4.4950000e+03   2.0386492e+02   2.6983613e+02
   4.4970000e+03   2.0208705e+02   2.7048652e+02
   4.5130000e+03   2.0072018e+02   2.7195953e+02
   4.5270000e+03   1.9842646e+02   2.7409273e+02
   4.5350000e+03   2.1008958e+02   2.6588441e+02
   4.5540000e+03   2.5923576e+02   2.4406665e+02
   4.5690000e+03   2.2394705e+02   2.6093039e+02
   4.5740000e+03   2.0972333e+02   2.6754963e+02
   4.5830000e+03   2.0102009e+02   2.7284933e+02
