   1.0000000e+00   2.7920728e+02   1.6517681e+02
   3.0000000e+00   2.7706582e+02   1.6441279e+02
   6.0000000e+00   2.7409367e+02   1.6368870e+02
   3.1000000e+01   3.0601821e+02   1.7254087e+02
   7.2000000e+01   2.7469448e+02   1.6333891e+02
   7.9000000e+01   2.7328115e+02   1.6381769e+02
   9.1000000e+01   2.6879412e+02   1.6223538e+02
   1.0400000e+02   2.9817138e+02   1.7031824e+02
   1.3300000e+02   3.0970407e+02   1.7246300e+02
   1.3500000e+02   3.1005347e+02   1.7206398e+02
   1.4100000e+02   3.1272343e+02   1.7174089e+02
   1.4800000e+02   3.1023015e+02   1.7054772e+02
   1.5100000e+02   3.0510594e+02   1.7009615e+02
   1.5600000e+02   2.8871323e+02   1.6839890e+02
   1.6600000e+02   2.7360838e+02   1.6381769e+02
   1.7500000e+02   2.6711481e+02   1.6292434e+02
   1.9600000e+02   3.0397054e+02   1.7164941e+02
   1.9700000e+02   3.0564986e+02   1.7212048e+02
   2.0600000e+02   3.0862524e+02   1.7210872e+02
   2.2900000e+02   3.1267540e+02   1.7212629e+02
   2.4400000e+02   2.8995737e+02   1.6817928e+02
   2.5400000e+02   2.7197137e+02   1.6347517e+02
   2.7600000e+02   2.9149320e+02   1.6949301e+02
   2.8000000e+02   2.9974408e+02   1.6955114e+02
   2.9400000e+02   3.0685963e+02   1.7295544e+02
   3.1400000e+02   3.1205133e+02   1.7295232e+02
   3.1800000e+02   3.1342744e+02   1.7247371e+02
   3.3000000e+02   2.9062524e+02   1.6923392e+02
   3.7500000e+02   3.0888599e+02   1.7116090e+02
   3.7900000e+02   3.0801103e+02   1.7213592e+02
   3.8600000e+02   3.1050194e+02   1.7263031e+02
   3.9500000e+02   3.1019814e+02   1.7218468e+02
   4.1600000e+02   2.7987709e+02   1.6514116e+02
   4.2000000e+02   2.7354713e+02   1.6305478e+02
   4.2100000e+02   2.7297405e+02   1.6292245e+02
   4.3300000e+02   2.9831096e+02   1.6860328e+02
   4.3500000e+02   2.9958589e+02   1.6955533e+02
   4.4700000e+02   3.0558861e+02   1.7073281e+02
   4.5600000e+02   3.0888717e+02   1.7135757e+02
   4.8800000e+02   2.8218885e+02   1.6513876e+02
   4.8900000e+02   2.8149633e+02   1.6506722e+02
   4.9100000e+02   2.7920164e+02   1.6415832e+02
   4.9300000e+02   2.7269347e+02   1.6357776e+02
   4.9800000e+02   2.6691007e+02   1.6153667e+02
   5.0700000e+02   2.7023434e+02   1.6309898e+02
   5.1300000e+02   2.8495851e+02   1.6568225e+02
   5.1600000e+02   2.9610154e+02   1.6878849e+02
   5.4200000e+02   3.0972742e+02   1.7149572e+02
   5.5100000e+02   3.1145854e+02   1.7272564e+02
   5.5200000e+02   3.1142560e+02   1.7276845e+02
   5.5700000e+02   3.0937711e+02   1.7211061e+02
   5.5800000e+02   3.0968512e+02   1.7135365e+02
   5.6900000e+02   2.8721091e+02   1.6783283e+02
   5.7200000e+02   2.8153745e+02   1.6623497e+02
   5.9100000e+02   3.0261269e+02   1.7106932e+02
   6.1500000e+02   3.1019814e+02   1.7316171e+02
   6.2900000e+02   3.1185850e+02   1.7233067e+02
   6.3100000e+02   3.1142772e+02   1.7219442e+02
   6.4100000e+02   2.9847965e+02   1.6983946e+02
   6.5600000e+02   2.6603261e+02   1.6296273e+02
   6.7700000e+02   3.0038383e+02   1.7052262e+02
   6.8200000e+02   3.0555189e+02   1.7117837e+02
   6.9200000e+02   3.0776981e+02   1.7234030e+02
   6.9300000e+02   3.0800581e+02   1.7260899e+02
   7.0500000e+02   3.1025938e+02   1.7198423e+02
   7.1000000e+02   3.1008221e+02   1.7289000e+02
   7.1500000e+02   3.1034280e+02   1.7287757e+02
   7.2200000e+02   3.0638774e+02   1.7095463e+02
   7.4600000e+02   2.6967549e+02   1.6395394e+02
   7.7200000e+02   3.0613103e+02   1.7105551e+02
   7.7500000e+02   3.0722388e+02   1.7122119e+02
   7.8800000e+02   3.1181502e+02   1.7226836e+02
   7.9000000e+02   3.1040287e+02   1.7240461e+02
   8.0100000e+02   3.1175613e+02   1.7247855e+02
   8.1200000e+02   3.0755521e+02   1.7128944e+02
   8.2300000e+02   2.8436411e+02   1.6693367e+02
   8.2600000e+02   2.7897677e+02   1.6465265e+02
   8.4500000e+02   3.0042613e+02   1.6928863e+02
   8.5300000e+02   3.0425409e+02   1.7134182e+02
   8.7100000e+02   3.1101825e+02   1.7227228e+02
   8.7300000e+02   3.1155022e+02   1.7213211e+02
   8.7600000e+02   3.1083247e+02   1.7288339e+02
   8.7900000e+02   3.1019814e+02   1.7281919e+02
   8.8200000e+02   3.1197273e+02   1.7197247e+02
   8.8500000e+02   3.1052537e+02   1.7350234e+02
   8.8700000e+02   3.1025938e+02   1.7260899e+02
   8.8900000e+02   3.0921322e+02   1.7164360e+02
   8.9900000e+02   2.9656717e+02   1.6909767e+02
   9.1000000e+02   2.7733880e+02   1.6511156e+02
   9.1300000e+02   2.7297405e+02   1.6381188e+02
   9.1500000e+02   2.7160158e+02   1.6366150e+02
   9.2300000e+02   2.7752232e+02   1.6548950e+02
   9.4900000e+02   3.0778500e+02   1.7297483e+02
   9.5100000e+02   3.0921558e+02   1.7295544e+02
   9.5900000e+02   3.1204224e+02   1.7322983e+02
   9.6300000e+02   3.1110185e+02   1.7267981e+02
   9.6500000e+02   3.0905467e+02   1.7355678e+02
   9.6700000e+02   3.0726512e+02   1.7219130e+02
   9.9700000e+02   2.6863061e+02   1.6366150e+02
   1.0100000e+03   2.7401903e+02   1.6478890e+02
   1.0240000e+03   3.0514006e+02   1.7047960e+02
   1.0340000e+03   3.1052655e+02   1.7260507e+02
   1.0430000e+03   3.1162916e+02   1.7253687e+02
   1.0440000e+03   3.0921672e+02   1.7365956e+02
   1.0510000e+03   3.1207392e+02   1.7245124e+02
   1.0520000e+03   3.1320112e+02   1.7251937e+02
   1.0640000e+03   2.9542941e+02   1.6980091e+02
   1.0690000e+03   2.8510199e+02   1.6734824e+02
   1.0910000e+03   2.8698722e+02   1.6686555e+02
   1.0960000e+03   2.9923648e+02   1.7018198e+02
   1.1080000e+03   3.0892829e+02   1.7212048e+02
   1.1110000e+03   3.1002541e+02   1.7186152e+02
   1.1210000e+03   3.0953402e+02   1.7335531e+02
   1.1390000e+03   3.0425666e+02   1.7018198e+02
   1.1630000e+03   2.8358630e+02   1.6651329e+02
   1.1760000e+03   2.9950247e+02   1.7045449e+02
   1.1840000e+03   3.0915434e+02   1.7149964e+02
   1.1910000e+03   3.1005465e+02   1.7226255e+02
   1.2040000e+03   3.1017597e+02   1.7370861e+02
   1.2090000e+03   3.1142686e+02   1.7177796e+02
   1.2100000e+03   3.1265398e+02   1.7188872e+02
   1.2110000e+03   3.1405417e+02   1.7261280e+02
   1.2120000e+03   3.1314611e+02   1.7253505e+02
   1.2220000e+03   3.1046899e+02   1.7227217e+02
   1.2250000e+03   3.0808718e+02   1.7156384e+02
   1.2300000e+03   2.9839946e+02   1.6977715e+02
   1.2420000e+03   2.7976382e+02   1.6629100e+02
   1.2480000e+03   2.7856612e+02   1.6526768e+02
   1.2970000e+03   3.0930766e+02   1.7179340e+02
   1.3010000e+03   3.0763745e+02   1.7156966e+02
   1.3270000e+03   2.7233972e+02   1.6311709e+02
   1.3350000e+03   2.9031814e+02   1.6968739e+02
   1.3410000e+03   3.0317260e+02   1.7033378e+02
   1.3480000e+03   3.0794279e+02   1.7245124e+02
   1.3700000e+03   3.1132536e+02   1.7281337e+02
   1.3910000e+03   2.9399263e+02   1.6997571e+02
   1.3920000e+03   2.9147307e+02   1.6914657e+02
   1.4140000e+03   2.6830328e+02   1.6465265e+02
   1.4360000e+03   3.0726706e+02   1.7246111e+02
   1.4440000e+03   3.0847770e+02   1.7259925e+02
   1.4680000e+03   2.9082878e+02   1.6955114e+02
   1.4700000e+03   2.8475035e+02   1.6837359e+02
   1.4720000e+03   2.8280304e+02   1.6726228e+02
   1.4750000e+03   2.7839776e+02   1.6552221e+02
   1.4890000e+03   2.8304308e+02   1.6674258e+02
   1.5010000e+03   3.0294569e+02   1.7163197e+02
   1.5120000e+03   3.0800699e+02   1.7370861e+02
   1.5270000e+03   3.1046498e+02   1.7274321e+02
   1.5430000e+03   2.9809000e+02   1.7026174e+02
   1.5480000e+03   2.8526561e+02   1.6762264e+02
   1.5670000e+03   2.7055685e+02   1.6471685e+02
   1.5750000e+03   2.8391235e+02   1.6603451e+02
   1.5870000e+03   3.0189953e+02   1.7128553e+02
   1.5900000e+03   3.0409186e+02   1.7218468e+02
   1.6050000e+03   3.1029838e+02   1.7263031e+02
   1.6170000e+03   3.0606051e+02   1.7329796e+02
   1.6190000e+03   3.0766862e+02   1.7134182e+02
   1.6580000e+03   2.9820621e+02   1.7079681e+02
   1.6730000e+03   3.0835199e+02   1.7315589e+02
   1.6890000e+03   3.0960170e+02   1.7295151e+02
   1.6960000e+03   3.1130437e+02   1.7335446e+02
   1.7030000e+03   3.0458389e+02   1.7059466e+02
   1.7190000e+03   2.8135167e+02   1.6629728e+02
   1.7370000e+03   3.0130750e+02   1.7123295e+02
   1.7420000e+03   3.0468507e+02   1.7239880e+02
   1.7480000e+03   3.0888599e+02   1.7191610e+02
   1.7760000e+03   3.0970407e+02   1.7378066e+02
   1.7850000e+03   3.0804398e+02   1.7258749e+02
   1.8050000e+03   2.7575841e+02   1.6395394e+02
   1.8060000e+03   2.7647616e+02   1.6416414e+02
   1.8160000e+03   2.6946958e+02   1.6354911e+02
   1.8220000e+03   2.7045449e+02   1.6326497e+02
   1.8260000e+03   2.8307328e+02   1.6720807e+02
   1.8320000e+03   2.9296778e+02   1.6997571e+02
   1.8430000e+03   3.0655017e+02   1.7191029e+02
   1.8680000e+03   3.0974841e+02   1.7177403e+02
   1.8790000e+03   2.9304908e+02   1.6937018e+02
   1.8820000e+03   2.8710713e+02   1.6860328e+02
   1.8870000e+03   2.8010503e+02   1.6567597e+02
   1.9210000e+03   3.0466613e+02   1.7205817e+02
   1.9240000e+03   3.0753509e+02   1.7135757e+02
   1.9250000e+03   3.0841410e+02   1.7157358e+02
   1.9280000e+03   3.1091377e+02   1.7197247e+02
   1.9520000e+03   3.0453831e+02   1.7041405e+02
   1.9550000e+03   3.0323385e+02   1.6962345e+02
   1.9580000e+03   2.9200503e+02   1.6914075e+02
   1.9590000e+03   2.9069348e+02   1.6950643e+02
   1.9630000e+03   2.8307328e+02   1.6686555e+02
   1.9650000e+03   2.8096437e+02   1.6583013e+02
   1.9770000e+03   2.6742309e+02   1.6312872e+02
   1.9850000e+03   2.8338429e+02   1.6746855e+02
   1.9860000e+03   2.8300895e+02   1.6719415e+02
   1.9930000e+03   2.8776504e+02   1.6824740e+02
   1.9960000e+03   2.9436216e+02   1.6977715e+02
   2.0110000e+03   3.0771969e+02   1.7295151e+02
   2.0120000e+03   3.0790866e+02   1.7292813e+02
   2.0250000e+03   3.0756628e+02   1.7172527e+02
   2.0260000e+03   3.0728923e+02   1.7183054e+02
   2.0310000e+03   3.0079448e+02   1.6941907e+02
   2.0420000e+03   2.8192593e+02   1.6671766e+02
   2.0550000e+03   2.7812478e+02   1.6615286e+02
   2.0620000e+03   2.9332205e+02   1.6995990e+02
   2.0700000e+03   3.0688383e+02   1.7197247e+02
   2.0780000e+03   3.0827297e+02   1.7238325e+02
   2.0950000e+03   3.1039957e+02   1.7249406e+02
   2.1120000e+03   3.0706319e+02   1.7149572e+02
   2.1180000e+03   2.9380213e+02   1.6972831e+02
   2.1270000e+03   2.7938728e+02   1.6549690e+02
   2.1280000e+03   2.7946762e+02   1.6493097e+02
   2.1350000e+03   2.8657657e+02   1.6803721e+02
   2.1740000e+03   3.0992974e+02   1.7242673e+02
   2.1750000e+03   3.1070247e+02   1.7204328e+02
   2.1760000e+03   3.1183624e+02   1.7249217e+02
   2.1860000e+03   3.0688263e+02   1.7093117e+02
   2.2130000e+03   2.9960601e+02   1.7059656e+02
   2.2140000e+03   3.0120395e+02   1.7060818e+02
   2.2150000e+03   3.0200190e+02   1.7094300e+02
   2.2250000e+03   3.0889819e+02   1.7331347e+02
   2.2360000e+03   3.1040405e+02   1.7363859e+02
   2.2380000e+03   3.1009365e+02   1.7383317e+02
   2.2470000e+03   3.0972742e+02   1.7344003e+02
   2.2550000e+03   2.9651219e+02   1.6998342e+02
   2.2570000e+03   2.9222990e+02   1.6878849e+02
   2.2600000e+03   2.8866653e+02   1.6810534e+02
   2.2610000e+03   2.8807332e+02   1.6776282e+02
   2.2630000e+03   2.8719196e+02   1.6824159e+02
   2.2810000e+03   2.8741423e+02   1.6864609e+02
   2.2850000e+03   2.9518110e+02   1.6983946e+02
   2.2860000e+03   2.9544826e+02   1.7080675e+02
   2.2990000e+03   3.0651024e+02   1.7363467e+02
   2.3040000e+03   3.0810817e+02   1.7329796e+02
   2.3080000e+03   3.1050642e+02   1.7399667e+02
   2.3100000e+03   3.1046412e+02   1.7309358e+02
   2.3440000e+03   2.7743772e+02   1.6513143e+02
   2.3470000e+03   2.8673060e+02   1.6809919e+02
   2.3580000e+03   2.9892938e+02   1.7018198e+02
   2.3750000e+03   3.0831291e+02   1.7274132e+02
   2.3910000e+03   3.0958275e+02   1.7259344e+02
   2.3940000e+03   3.0640551e+02   1.7184216e+02
   2.4010000e+03   2.9075532e+02   1.6962534e+02
   2.4060000e+03   2.8364636e+02   1.6707574e+02
   2.4080000e+03   2.8263361e+02   1.6583753e+02
   2.4120000e+03   2.7604775e+02   1.6534162e+02
   2.4250000e+03   2.9622608e+02   1.7130107e+02
   2.4320000e+03   3.0237251e+02   1.7305966e+02
   2.4330000e+03   3.0339984e+02   1.7152089e+02
   2.4360000e+03   3.0667589e+02   1.7274132e+02
   2.4480000e+03   3.1024043e+02   1.7322010e+02
   2.4500000e+03   3.1001439e+02   1.7253113e+02
   2.4530000e+03   3.1046530e+02   1.7274132e+02
   2.4590000e+03   3.1298454e+02   1.7262251e+02
   2.4650000e+03   3.1118187e+02   1.7267901e+02
   2.4730000e+03   3.0073324e+02   1.6997179e+02
   2.4860000e+03   2.7928612e+02   1.6522250e+02
   2.4890000e+03   2.7496046e+02   1.6506330e+02
   2.4960000e+03   2.8008300e+02   1.6589826e+02
   2.5110000e+03   3.0403061e+02   1.7108115e+02
   2.5140000e+03   3.0558245e+02   1.7184590e+02
   2.5230000e+03   3.0763745e+02   1.7322010e+02
   2.5240000e+03   3.0690075e+02   1.7315589e+02
   2.5290000e+03   3.1183743e+02   1.7242404e+02
   2.5390000e+03   3.1234689e+02   1.7315001e+02
   2.5490000e+03   3.1199994e+02   1.7287757e+02
   2.5870000e+03   2.6842577e+02   1.6278227e+02
   2.5900000e+03   2.7002489e+02   1.6327079e+02
   2.6080000e+03   3.0606051e+02   1.7163197e+02
   2.6530000e+03   3.0220322e+02   1.7016428e+02
   2.6600000e+03   2.8411826e+02   1.6790677e+02
   2.6620000e+03   2.8133154e+02   1.6643935e+02
   2.6700000e+03   2.7487966e+02   1.6500251e+02
   2.6780000e+03   2.9305002e+02   1.6942489e+02
   2.6840000e+03   3.0409186e+02   1.7114738e+02
   2.6880000e+03   3.0654024e+02   1.7186341e+02
   2.6900000e+03   3.0556762e+02   1.7191029e+02
   2.6910000e+03   3.0650611e+02   1.7251937e+02
   2.6960000e+03   3.0976854e+02   1.7273551e+02
   2.7050000e+03   3.1077727e+02   1.7303907e+02
   2.7100000e+03   3.1273782e+02   1.7342259e+02
   2.7140000e+03   3.1312834e+02   1.7240461e+02
   2.7210000e+03   3.1339197e+02   1.7211656e+02
   2.7430000e+03   2.7998064e+02   1.6582432e+02
   2.7460000e+03   2.7479803e+02   1.6464684e+02
   2.7630000e+03   2.9548734e+02   1.7038636e+02
   2.7800000e+03   3.1120422e+02   1.7225942e+02
   2.7830000e+03   3.1132450e+02   1.7191421e+02
   2.8030000e+03   3.0419423e+02   1.7073281e+02
   2.8040000e+03   3.0175842e+02   1.6988988e+02
   2.8150000e+03   2.8766267e+02   1.6811115e+02
   2.8200000e+03   2.7983206e+02   1.6581222e+02
   2.8270000e+03   2.7254445e+02   1.6431202e+02
   2.8320000e+03   2.8841950e+02   1.6845760e+02
   2.8370000e+03   2.9808914e+02   1.7025011e+02
   2.8480000e+03   3.0944044e+02   1.7177403e+02
   2.8510000e+03   3.0858007e+02   1.7212048e+02
   2.8730000e+03   3.0810817e+02   1.7149964e+02
   2.8810000e+03   2.8871323e+02   1.6841451e+02
   2.8890000e+03   2.7925199e+02   1.6549501e+02
   2.8980000e+03   2.8112798e+02   1.6658141e+02
   2.8990000e+03   2.8432299e+02   1.6728593e+02
   2.9070000e+03   3.0029119e+02   1.7030053e+02
   2.9320000e+03   3.1251178e+02   1.7309358e+02
   2.9350000e+03   3.1197273e+02   1.7344972e+02
   2.9440000e+03   3.1070785e+02   1.7256218e+02
   2.9470000e+03   3.0995599e+02   1.7211061e+02
   2.9510000e+03   3.0510712e+02   1.7018959e+02
   2.9560000e+03   2.8942978e+02   1.6846702e+02
   2.9740000e+03   3.0341759e+02   1.7065887e+02
   2.9750000e+03   3.0449173e+02   1.7129900e+02
   2.9760000e+03   3.0417324e+02   1.7142178e+02
   2.9800000e+03   3.0804397e+02   1.7206779e+02
   2.9880000e+03   3.0829684e+02   1.7312778e+02
   2.9890000e+03   3.0841646e+02   1.7300990e+02
   2.9960000e+03   3.1101376e+02   1.7290471e+02
   3.0180000e+03   3.1005954e+02   1.7313440e+02
   3.0210000e+03   3.0681734e+02   1.7101113e+02
   3.0320000e+03   2.8547034e+02   1.6741244e+02
   3.0450000e+03   2.6957312e+02   1.6352774e+02
   3.0510000e+03   2.7789067e+02   1.6485311e+02
   3.0550000e+03   2.8756031e+02   1.6769076e+02
   3.0560000e+03   2.8748247e+02   1.6843982e+02
   3.0760000e+03   3.0992305e+02   1.7269844e+02
   3.0770000e+03   3.1050312e+02   1.7287751e+02
   3.0830000e+03   3.1104907e+02   1.7235780e+02
   3.0890000e+03   3.1247066e+02   1.7246693e+02
   3.0980000e+03   3.1226475e+02   1.7184216e+02
   3.0990000e+03   3.1154818e+02   1.7315008e+02
   3.1010000e+03   3.1095260e+02   1.7288339e+02
   3.1170000e+03   2.9185363e+02   1.6927674e+02
   3.1210000e+03   2.8547034e+02   1.6775889e+02
   3.1320000e+03   2.8395464e+02   1.6726456e+02
   3.1340000e+03   2.8686828e+02   1.6905485e+02
   3.1350000e+03   2.8846062e+02   1.6845178e+02
   3.1370000e+03   2.9421749e+02   1.6956114e+02
   3.1480000e+03   3.0718451e+02   1.7218468e+02
   3.1540000e+03   3.0810817e+02   1.7238325e+02
   3.1750000e+03   3.1175409e+02   1.7411737e+02
   3.2090000e+03   3.0062969e+02   1.7073862e+02
   3.2120000e+03   3.0322944e+02   1.7184798e+02
   3.2140000e+03   3.0722504e+02   1.7249406e+02
   3.2160000e+03   3.0650906e+02   1.7226255e+02
   3.2220000e+03   3.0896855e+02   1.7252924e+02
   3.2250000e+03   3.0798363e+02   1.7287176e+02
   3.2300000e+03   3.0947947e+02   1.7369692e+02
   3.2360000e+03   3.1121969e+02   1.7373973e+02
   3.2500000e+03   3.1157035e+02   1.7330377e+02
   3.2740000e+03   2.7862737e+02   1.6457871e+02
   3.2830000e+03   2.8196705e+02   1.6631283e+02
   3.2900000e+03   2.9806697e+02   1.7010804e+02
   3.3000000e+03   3.0812830e+02   1.7246693e+02
   3.3160000e+03   3.0968302e+02   1.7480823e+02
   3.3280000e+03   3.0251150e+02   1.7118026e+02
   3.3290000e+03   2.9946135e+02   1.7017617e+02
   3.3310000e+03   2.9007810e+02   1.6905485e+02
   3.3350000e+03   2.8348275e+02   1.6658141e+02
   3.3680000e+03   3.0222676e+02   1.7100139e+02
   3.3710000e+03   3.0695089e+02   1.7168245e+02
   3.3990000e+03   3.1007242e+02   1.7232675e+02
   3.4060000e+03   2.9468821e+02   1.6872618e+02
   3.4080000e+03   2.9122604e+02   1.6809952e+02
   3.4090000e+03   2.8964909e+02   1.6789514e+02
   3.4210000e+03   2.8358630e+02   1.6700761e+02
   3.4340000e+03   3.0335516e+02   1.7149572e+02
   3.4560000e+03   3.1132331e+02   1.7245719e+02
   3.4850000e+03   2.6742191e+02   1.6251369e+02
   3.5240000e+03   3.0913588e+02   1.7301376e+02
   3.5330000e+03   3.1109963e+02   1.7327660e+02
   3.5490000e+03   2.9940010e+02   1.7003992e+02
   3.5500000e+03   2.9646989e+02   1.6934513e+02
   3.5550000e+03   2.8448661e+02   1.6700180e+02
   3.5630000e+03   2.8530673e+02   1.6796516e+02
   3.5800000e+03   3.0626320e+02   1.7266738e+02
   3.5950000e+03   3.0986768e+02   1.7328822e+02
   3.5960000e+03   3.1019695e+02   1.7399274e+02
   3.6030000e+03   3.0519809e+02   1.7128944e+02
   3.6220000e+03   2.9159556e+02   1.6817346e+02
   3.6460000e+03   3.0851678e+02   1.7191029e+02
   3.6480000e+03   3.0884487e+02   1.7177403e+02
   3.6690000e+03   2.9902633e+02   1.6934487e+02
   3.6750000e+03   2.8436411e+02   1.6795935e+02
   3.6940000e+03   2.7344535e+02   1.6429215e+02
   3.6970000e+03   2.8170107e+02   1.6651329e+02
   3.6990000e+03   2.8760143e+02   1.6810534e+02
   3.7080000e+03   3.0409068e+02   1.7025403e+02
   3.7180000e+03   3.0778008e+02   1.7192002e+02
   3.7320000e+03   3.1208218e+02   1.7384486e+02
   3.7460000e+03   3.0476731e+02   1.7018198e+02
   3.7640000e+03   2.7135362e+02   1.6471685e+02
   3.7730000e+03   2.8614580e+02   1.6831553e+02
   3.7740000e+03   2.8870765e+02   1.6845760e+02
   3.7760000e+03   2.9069407e+02   1.7017806e+02
   3.7850000e+03   3.0556762e+02   1.7197841e+02
   3.7930000e+03   3.0999340e+02   1.7328633e+02
   3.8050000e+03   3.1082274e+02   1.7460665e+02
   3.8090000e+03   3.1249165e+02   1.7391880e+02
   3.8110000e+03   3.1101156e+02   1.7311108e+02
   3.8370000e+03   2.6889649e+02   1.6423415e+02
   3.8440000e+03   2.7149947e+02   1.6493097e+02
   3.8470000e+03   2.7653741e+02   1.6637703e+02
   3.8860000e+03   3.1238100e+02   1.7415038e+02
   3.8970000e+03   3.1218455e+02   1.7252531e+02
   3.9000000e+03   3.1144345e+02   1.7246300e+02
   3.9010000e+03   3.0961476e+02   1.7393039e+02
   3.9270000e+03   2.9044822e+02   1.6955533e+02
   3.9370000e+03   3.0575019e+02   1.7190055e+02
   3.9490000e+03   3.1126120e+02   1.7293800e+02
   3.9670000e+03   3.1279047e+02   1.7439758e+02
   3.9750000e+03   2.9851755e+02   1.6956114e+02
   3.9790000e+03   2.8870765e+02   1.6775889e+02
   3.9820000e+03   2.8348666e+02   1.6798825e+02
   3.9940000e+03   2.9628529e+02   1.7079512e+02
   4.0150000e+03   3.1238100e+02   1.7317721e+02
   4.0340000e+03   3.1179521e+02   1.7267131e+02
   4.0400000e+03   2.9670487e+02   1.7024991e+02
   4.0430000e+03   2.9055058e+02   1.6893637e+02
   4.0570000e+03   2.6838347e+02   1.6409020e+02
   4.0600000e+03   2.6762783e+02   1.6368144e+02
   4.0700000e+03   2.8997632e+02   1.6976160e+02
   4.0810000e+03   3.0341641e+02   1.7093908e+02
   4.0860000e+03   3.0655135e+02   1.7218468e+02
   4.0920000e+03   3.0640669e+02   1.7301383e+02
   4.0980000e+03   3.0806587e+02   1.7439758e+02
   4.1110000e+03   3.0749568e+02   1.7260500e+02
   4.1120000e+03   3.0597709e+02   1.7246300e+02
   4.1580000e+03   3.1003248e+02   1.7349260e+02
   4.1710000e+03   3.0689753e+02   1.7390907e+02
   4.1760000e+03   3.0513684e+02   1.7217887e+02
   4.1770000e+03   3.0315864e+02   1.7120557e+02
   4.1830000e+03   2.8364754e+02   1.6789704e+02
   4.2150000e+03   2.9806901e+02   1.7079701e+02
   4.2280000e+03   3.0665372e+02   1.7246693e+02
   4.2340000e+03   3.0992424e+02   1.7315001e+02
   4.2480000e+03   3.0933571e+02   1.7365022e+02
   4.2620000e+03   3.0469649e+02   1.7272564e+02
   4.2850000e+03   2.8089102e+02   1.6744135e+02
   4.2870000e+03   2.8553634e+02   1.6923392e+02
   4.2900000e+03   2.9264055e+02   1.6990759e+02
   4.2910000e+03   2.9667581e+02   1.7122713e+02
   4.3060000e+03   3.0757620e+02   1.7315008e+02
   4.3340000e+03   3.0628419e+02   1.7225281e+02
   4.3380000e+03   3.0319155e+02   1.7073281e+02
   4.3510000e+03   2.8045135e+02   1.6596638e+02
   4.3550000e+03   2.8002175e+02   1.6589826e+02
   4.3620000e+03   2.7621018e+02   1.6547787e+02
   4.3750000e+03   3.0435902e+02   1.7128363e+02
   4.3820000e+03   3.0880375e+02   1.7238325e+02
   4.3920000e+03   3.1062773e+02   1.7315589e+02
   4.4200000e+03   3.0811106e+02   1.7131651e+02
   4.4450000e+03   3.0940885e+02   1.7346534e+02
   4.4710000e+03   3.0654026e+02   1.7183621e+02
   4.4900000e+03   3.0797573e+02   1.7317721e+02
   4.4910000e+03   3.0845345e+02   1.7328816e+02
   4.5170000e+03   3.1224571e+02   1.7450663e+02
   4.5220000e+03   3.1347529e+02   1.7398693e+02
   4.5310000e+03   3.1171179e+02   1.7392273e+02
   4.5340000e+03   3.1347647e+02   1.7387599e+02
   4.5350000e+03   3.1316819e+02   1.7391880e+02
   4.5370000e+03   3.1197982e+02   1.7350234e+02
   4.5420000e+03   3.0540401e+02   1.7259925e+02
   4.5600000e+03   2.8907600e+02   1.6900450e+02
   4.5640000e+03   3.0265636e+02   1.7080094e+02
   4.5690000e+03   3.0468625e+02   1.7170009e+02
   4.5860000e+03   3.1017597e+02   1.7301383e+02
   4.6110000e+03   2.9544590e+02   1.6962927e+02
