   1.0000000e+00   2.9532029e+02   1.4080249e+02
   3.1000000e+01   2.9324416e+02   1.4180331e+02
   3.8000000e+01   2.9008362e+02   1.4228764e+02
   7.0000000e+01   2.9850904e+02   1.4032738e+02
   7.9000000e+01   3.0506496e+02   1.3959487e+02
   8.4000000e+01   3.0591451e+02   1.3933688e+02
   9.4000000e+01   3.0635011e+02   1.3814017e+02
   9.7000000e+01   3.0377375e+02   1.3979076e+02
   1.1600000e+02   2.9014381e+02   1.4286561e+02
   1.2300000e+02   2.8783266e+02   1.4282535e+02
   1.4100000e+02   2.8677646e+02   1.4253581e+02
   1.4300000e+02   2.8633677e+02   1.4201012e+02
   1.6100000e+02   3.0316350e+02   1.4092548e+02
   1.6300000e+02   3.0354317e+02   1.4023434e+02
   1.6400000e+02   3.0474171e+02   1.3989362e+02
   1.7000000e+02   3.0775777e+02   1.3946047e+02
   1.7300000e+02   3.0766954e+02   1.3931515e+02
   1.8300000e+02   3.0711109e+02   1.3901800e+02
   1.9800000e+02   2.9178042e+02   1.4058537e+02
   2.1000000e+02   2.8575242e+02   1.4225720e+02
   2.2900000e+02   2.8765602e+02   1.4156324e+02
   2.3100000e+02   2.9113784e+02   1.4156605e+02
   2.4700000e+02   3.0442043e+02   1.3857393e+02
   2.5800000e+02   2.9727818e+02   1.3992577e+02
   2.8000000e+02   2.8841504e+02   1.4111216e+02
   2.8500000e+02   2.8657359e+02   1.4157636e+02
   2.9800000e+02   2.8417420e+02   1.4201012e+02
   3.1800000e+02   2.9933038e+02   1.3918125e+02
   3.3200000e+02   2.9648899e+02   1.3992577e+02
   3.3300000e+02   2.9657739e+02   1.4013258e+02
   3.3500000e+02   2.9535047e+02   1.4080249e+02
   3.3700000e+02   2.9377029e+02   1.4065828e+02
   3.4000000e+02   2.9099122e+02   1.4076113e+02
   3.5200000e+02   2.8657359e+02   1.4119489e+02
   3.5500000e+02   2.8546328e+02   1.4191708e+02
   3.7900000e+02   2.8762585e+02   1.4154592e+02
   3.8100000e+02   2.9081656e+02   1.4090535e+02
   3.8700000e+02   2.9584642e+02   1.4029693e+02
   3.9000000e+02   2.9874192e+02   1.4042102e+02
   4.0300000e+02   3.0178602e+02   1.3965637e+02
   4.0700000e+02   3.0038033e+02   1.3938916e+02
   4.1100000e+02   2.9815757e+02   1.3981200e+02
   4.1500000e+02   2.9438268e+02   1.4060599e+02
   4.1800000e+02   2.9210170e+02   1.4153500e+02
   4.2200000e+02   2.9028846e+02   1.4124546e+02
   4.2400000e+02   2.8873829e+02   1.4055432e+02
   4.3200000e+02   2.8452550e+02   1.4207161e+02
   4.5200000e+02   2.9353527e+02   1.4095764e+02
   4.6200000e+02   2.9745481e+02   1.3964655e+02
   4.8000000e+02   3.0058534e+02   1.3875951e+02
   4.8200000e+02   3.0087842e+02   1.3982291e+02
   4.8300000e+02   3.0043855e+02   1.3988441e+02
   4.8600000e+02   2.9941664e+02   1.3985336e+02
   5.0000000e+02   2.8820806e+02   1.4136955e+02
   5.0800000e+02   2.8490304e+02   1.4157636e+02
   5.1600000e+02   2.8355771e+02   1.4192740e+02
   5.2900000e+02   2.9590464e+02   1.4013148e+02
   5.3000000e+02   2.9687046e+02   1.3951215e+02
   5.3300000e+02   3.0014744e+02   1.3927599e+02
   5.4600000e+02   3.0184424e+02   1.3830562e+02
   5.8400000e+02   2.8455157e+02   1.4129775e+02
   5.9000000e+02   2.8557758e+02   1.4147351e+02
   5.9300000e+02   2.8668806e+02   1.4111216e+02
   6.1900000e+02   2.9575802e+02   1.3982182e+02
   6.2800000e+02   2.9248300e+02   1.3959487e+02
   6.2900000e+02   2.9113374e+02   1.3959487e+02
   6.3900000e+02   2.8467015e+02   1.4107080e+02
   6.4700000e+02   2.8209380e+02   1.4153500e+02
   6.5500000e+02   2.8189109e+02   1.4170045e+02
   6.7300000e+02   2.9616967e+02   1.3963623e+02
   6.8000000e+02   2.9988634e+02   1.3861529e+02
   6.8100000e+02   3.0043855e+02   1.3863652e+02
   6.8800000e+02   2.9982419e+02   1.3912085e+02
   6.9400000e+02   2.9599501e+02   1.3932656e+02
   6.9500000e+02   2.9575998e+02   1.4026588e+02
   7.0000000e+02   2.9324416e+02   1.4034861e+02
   7.0700000e+02   2.8622212e+02   1.4141091e+02
   7.0900000e+02   2.8373237e+02   1.4185498e+02
   7.2000000e+02   2.8209790e+02   1.4139078e+02
   7.4300000e+02   2.9803889e+02   1.3942053e+02
   7.5400000e+02   3.0184620e+02   1.3818153e+02
   7.9000000e+02   2.8786070e+02   1.4057555e+02
   7.9200000e+02   2.8606005e+02   1.4130671e+02
   8.0700000e+02   2.8297336e+02   1.4145117e+02
   8.1500000e+02   2.8232882e+02   1.4139078e+02
   8.3600000e+02   2.9907579e+02   1.4048268e+02
   8.3700000e+02   2.9970775e+02   1.3867788e+02
   8.6000000e+02   3.0079001e+02   1.3986428e+02
   8.6100000e+02   3.0073740e+02   1.3947248e+02
   8.6200000e+02   3.0169958e+02   1.3977063e+02
   8.7500000e+02   2.9186865e+02   1.4147241e+02
   8.7900000e+02   2.8938863e+02   1.4181135e+02
   8.8000000e+02   2.8794927e+02   1.4218478e+02
   8.8500000e+02   2.8493322e+02   1.4286561e+02
   9.0200000e+02   2.8316222e+02   1.4254344e+02
   9.0800000e+02   2.8654144e+02   1.4146320e+02
   9.1200000e+02   2.9248318e+02   1.4098808e+02
   9.2400000e+02   3.0348379e+02   1.3914434e+02
   9.2600000e+02   3.0453687e+02   1.3905936e+02
   9.3800000e+02   2.9871175e+02   1.4056463e+02
   9.5500000e+02   2.8881536e+02   1.4209904e+02
   9.6500000e+02   2.8613389e+02   1.4211298e+02
   9.8100000e+02   2.8262206e+02   1.4249445e+02
   9.9000000e+02   2.9166318e+02   1.4132274e+02
   1.0190000e+03   2.9751287e+02   1.4041010e+02
   1.0230000e+03   2.9508920e+02   1.4065828e+02
   1.0340000e+03   2.8612576e+02   1.4216795e+02
   1.0490000e+03   2.8411385e+02   1.4209174e+02
   1.0570000e+03   2.8382274e+02   1.4270126e+02
   1.0810000e+03   3.0620695e+02   1.3915493e+02
   1.1150000e+03   2.8917798e+02   1.4136955e+02
   1.1200000e+03   2.8806554e+02   1.4151487e+02
   1.1300000e+03   2.8434093e+02   1.4212890e+02
   1.1350000e+03   2.8575439e+02   1.4127761e+02
   1.1500000e+03   2.9868567e+02   1.3943052e+02
   1.1870000e+03   2.9329050e+02   1.4083929e+02
   1.1980000e+03   2.8812573e+02   1.4171137e+02
   1.2040000e+03   2.8622016e+02   1.4197907e+02
   1.2130000e+03   2.8488884e+02   1.4208845e+02
   1.2160000e+03   2.8727438e+02   1.4194752e+02
   1.2190000e+03   2.9049117e+02   1.4150456e+02
   1.2200000e+03   2.9171247e+02   1.4162287e+02
   1.2390000e+03   3.0766936e+02   1.3799595e+02
   1.2520000e+03   3.0541233e+02   1.3939837e+02
   1.2590000e+03   3.0050380e+02   1.4040272e+02
   1.2630000e+03   2.9807131e+02   1.4073008e+02
   1.2690000e+03   2.9198509e+02   1.4093689e+02
   1.2880000e+03   2.8525317e+02   1.4263399e+02
   1.2930000e+03   2.8499340e+02   1.4150456e+02
   1.3020000e+03   2.9212974e+02   1.4161662e+02
   1.3190000e+03   3.0292836e+02   1.3792733e+02
   1.3310000e+03   2.9663561e+02   1.4012166e+02
   1.3350000e+03   2.9523206e+02   1.4093689e+02
   1.3400000e+03   2.9006942e+02   1.4163669e+02
   1.3470000e+03   2.8730259e+02   1.4232900e+02
   1.3570000e+03   2.8393721e+02   1.4311379e+02
   1.3620000e+03   2.8434915e+02   1.4229388e+02
   1.3640000e+03   2.8402758e+02   1.4204117e+02
   1.3710000e+03   2.8230078e+02   1.4261854e+02
   1.3810000e+03   2.9134742e+02   1.4180029e+02
   1.3850000e+03   2.9555514e+02   1.3923463e+02
   1.4070000e+03   3.0204694e+02   1.3855380e+02
   1.4080000e+03   3.0159963e+02   1.3964806e+02
   1.4120000e+03   2.9848100e+02   1.3960518e+02
   1.4180000e+03   2.9570193e+02   1.4050314e+02
   1.4230000e+03   2.9084130e+02   1.4112882e+02
   1.4350000e+03   2.8537094e+02   1.4228764e+02
   1.4530000e+03   2.8247544e+02   1.4240142e+02
   1.4650000e+03   2.9080772e+02   1.4100290e+02
   1.4720000e+03   2.9686850e+02   1.4021421e+02
   1.4750000e+03   2.9932824e+02   1.4022452e+02
   1.4880000e+03   3.0131068e+02   1.3964852e+02
   1.4910000e+03   2.9991259e+02   1.3917143e+02
   1.4980000e+03   2.9426624e+02   1.4070885e+02
   1.5010000e+03   2.9260149e+02   1.4134669e+02
   1.5210000e+03   2.8300353e+02   1.4246401e+02
   1.5240000e+03   2.8282887e+02   1.4258810e+02
   1.5300000e+03   2.8161848e+02   1.4312758e+02
   1.5320000e+03   2.8262189e+02   1.4282425e+02
   1.5450000e+03   2.8619211e+02   1.4252550e+02
   1.5460000e+03   2.8917147e+02   1.4227186e+02
   1.5570000e+03   2.9754518e+02   1.3944955e+02
   1.5770000e+03   3.0117346e+02   1.4050314e+02
   1.5810000e+03   2.9717522e+02   1.4068903e+02
   1.5880000e+03   2.8803553e+02   1.4165909e+02
   1.5900000e+03   2.8677663e+02   1.4129775e+02
   1.5940000e+03   2.8507993e+02   1.4192392e+02
   1.6100000e+03   2.8230078e+02   1.4292711e+02
   1.6180000e+03   2.8411581e+02   1.4196876e+02
   1.6230000e+03   2.8767773e+02   1.4125107e+02
   1.6250000e+03   2.8943891e+02   1.4135924e+02
   1.6300000e+03   2.9184061e+02   1.4020500e+02
   1.6490000e+03   3.0610694e+02   1.3896922e+02
   1.6500000e+03   3.0512318e+02   1.3824413e+02
   1.6580000e+03   3.0152099e+02   1.3838835e+02
   1.6610000e+03   2.9956619e+02   1.3888603e+02
   1.6620000e+03   2.9924394e+02   1.3949201e+02
   1.6900000e+03   2.8297336e+02   1.4255594e+02
   1.7050000e+03   2.8317865e+02   1.4301593e+02
   1.7260000e+03   2.9959344e+02   1.4105988e+02
   1.7340000e+03   3.0325189e+02   1.3951215e+02
   1.7350000e+03   3.0338520e+02   1.4019637e+02
   1.7380000e+03   3.0392251e+02   1.3920248e+02
   1.7470000e+03   3.0178602e+02   1.3939837e+02
   1.7590000e+03   2.9543967e+02   1.3992655e+02
   1.7790000e+03   2.8323642e+02   1.4198889e+02
   1.8340000e+03   3.0494852e+02   1.3860437e+02
   1.8610000e+03   2.9656086e+02   1.3977307e+02
   1.8650000e+03   2.9365171e+02   1.4041010e+02
   1.8730000e+03   2.8885456e+02   1.4086399e+02
   1.8810000e+03   2.8480598e+02   1.4184074e+02
   1.8910000e+03   2.8311998e+02   1.4259731e+02
   1.9250000e+03   2.9824598e+02   1.3977014e+02
   1.9350000e+03   3.0416529e+02   1.3922799e+02
   1.9420000e+03   3.0556305e+02   1.3953338e+02
   1.9590000e+03   3.0049694e+02   1.3957474e+02
   1.9660000e+03   2.9846143e+02   1.4006077e+02
   1.9840000e+03   2.8487696e+02   1.4145228e+02
   2.0170000e+03   2.9087281e+02   1.4183375e+02
   2.0270000e+03   3.0060382e+02   1.4026620e+02
   2.0360000e+03   3.0447865e+02   1.3994529e+02
   2.0380000e+03   3.0772955e+02   1.3952246e+02
   2.0390000e+03   3.0766033e+02   1.3985626e+02
   2.0400000e+03   3.1027163e+02   1.3960518e+02
   2.0520000e+03   3.0892433e+02   1.3965685e+02
   2.0570000e+03   3.0614873e+02   1.4091611e+02
   2.0770000e+03   2.9078835e+02   1.4157526e+02
   2.0990000e+03   2.8200753e+02   1.4221583e+02
   2.1100000e+03   2.8405875e+02   1.4151306e+02
   2.1190000e+03   2.9075620e+02   1.4129775e+02
   2.1210000e+03   2.9374208e+02   1.4142183e+02
   2.1350000e+03   3.0376596e+02   1.3998909e+02
   2.1410000e+03   3.0483011e+02   1.3812004e+02
   2.1420000e+03   3.0474171e+02   1.3910993e+02
   2.1440000e+03   3.0484536e+02   1.3877254e+02
   2.1930000e+03   2.9616771e+02   1.3995621e+02
   2.2100000e+03   3.0851661e+02   1.3951154e+02
   2.2180000e+03   3.1290663e+02   1.3844578e+02
   2.2400000e+03   3.0076197e+02   1.4054511e+02
   2.2410000e+03   2.9891856e+02   1.4066749e+02
   2.2590000e+03   2.8843388e+02   1.4259355e+02
   2.2680000e+03   2.8417224e+02   1.4270016e+02
   2.2950000e+03   3.0787224e+02   1.3819246e+02
   2.2970000e+03   3.0887189e+02   1.3849866e+02
   2.3150000e+03   3.0482814e+02   1.3819246e+02
   2.3180000e+03   3.0398073e+02   1.3872846e+02
   2.3240000e+03   3.0110245e+02   1.4022483e+02
   2.3420000e+03   2.8961571e+02   1.4111216e+02
   2.3680000e+03   2.8759584e+02   1.4092658e+02
   2.3710000e+03   2.9040910e+02   1.4122398e+02
   2.3750000e+03   2.9470593e+02   1.4014180e+02
   2.3790000e+03   2.9941664e+02   1.3960469e+02
   2.3840000e+03   3.0292836e+02   1.3881620e+02
   2.3910000e+03   3.0784206e+02   1.3767597e+02
   2.3960000e+03   3.0854482e+02   1.3716059e+02
   2.3990000e+03   3.0881439e+02   1.3698520e+02
   2.4040000e+03   3.0743254e+02   1.3812004e+02
   2.4100000e+03   3.0277775e+02   1.3856301e+02
   2.4160000e+03   3.0104422e+02   1.3927948e+02
   2.4240000e+03   2.9499704e+02   1.4001771e+02
   2.4260000e+03   2.9408747e+02   1.4044054e+02
   2.4410000e+03   2.8820100e+02   1.4052542e+02
   2.4590000e+03   2.8259385e+02   1.4185498e+02
   2.4610000e+03   2.8361593e+02   1.4071977e+02
   2.4660000e+03   2.8972903e+02   1.4051299e+02
   2.4830000e+03   3.0404092e+02   1.3705774e+02
   2.5060000e+03   2.9862548e+02   1.3926507e+02
   2.5110000e+03   2.9584722e+02   1.4047163e+02
   2.5180000e+03   2.9183864e+02   1.4056463e+02
   2.5370000e+03   2.8490500e+02   1.4175102e+02
   2.5440000e+03   2.8205817e+02   1.4175939e+02
   2.5450000e+03   2.8233078e+02   1.4230887e+02
   2.5580000e+03   2.8382470e+02   1.4194752e+02
   2.5780000e+03   3.0568438e+02   1.3793884e+02
   2.5850000e+03   3.0629386e+02   1.3810912e+02
   2.5860000e+03   3.0629386e+02   1.3831483e+02
   2.5990000e+03   3.0332698e+02   1.3937188e+02
   2.6110000e+03   2.9476415e+02   1.4044054e+02
   2.6120000e+03   2.9438465e+02   1.4100870e+02
   2.6180000e+03   2.9121422e+02   1.4025762e+02
   2.6260000e+03   2.8601548e+02   1.4204977e+02
   2.6270000e+03   2.8636678e+02   1.4181362e+02
   2.6310000e+03   2.8473954e+02   1.4164728e+02
   2.6330000e+03   2.8522629e+02   1.4164817e+02
   2.6650000e+03   3.0573968e+02   1.3986318e+02
   2.6680000e+03   3.0784249e+02   1.3857033e+02
   2.6750000e+03   3.0904291e+02   1.3933688e+02
   2.6990000e+03   2.9353723e+02   1.4062613e+02
   2.7010000e+03   2.9280974e+02   1.4082417e+02
   2.7050000e+03   2.9008362e+02   1.4131727e+02
   2.7140000e+03   2.8516807e+02   1.4293742e+02
   2.7310000e+03   2.8208354e+02   1.4263537e+02
   2.7410000e+03   2.8630856e+02   1.4317467e+02
   2.7460000e+03   2.9374208e+02   1.4101852e+02
   2.7470000e+03   2.9605402e+02   1.4114080e+02
   2.7640000e+03   3.0673158e+02   1.3922371e+02
   2.7760000e+03   2.9754322e+02   1.3961610e+02
   2.7770000e+03   2.9730809e+02   1.4051253e+02
   2.7870000e+03   2.9230638e+02   1.4073008e+02
   2.7890000e+03   2.9151735e+02   1.4061692e+02
   2.8020000e+03   2.8548748e+02   1.4167713e+02
   2.8060000e+03   2.8332482e+02   1.4234913e+02
   2.8080000e+03   2.8399937e+02   1.4237036e+02
   2.8200000e+03   2.8188422e+02   1.4260507e+02
   2.8230000e+03   2.8124852e+02   1.4307243e+02
   2.8390000e+03   2.9078442e+02   1.4092658e+02
   2.8420000e+03   2.9618761e+02   1.3999546e+02
   2.8450000e+03   2.9727818e+02   1.4032738e+02
   2.8520000e+03   3.0503495e+02   1.3881118e+02
   2.8560000e+03   3.0657271e+02   1.3757026e+02
   2.8650000e+03   3.0351086e+02   1.3787187e+02
   2.8750000e+03   2.9558336e+02   1.3920358e+02
   2.8770000e+03   2.9466029e+02   1.3938883e+02
   2.8800000e+03   2.9344704e+02   1.3909962e+02
   2.8820000e+03   2.9239067e+02   1.3926507e+02
   2.8880000e+03   2.8980439e+02   1.4006122e+02
   2.9050000e+03   2.8300336e+02   1.4131898e+02
   2.9120000e+03   2.8203771e+02   1.4226751e+02
   2.9160000e+03   2.8213282e+02   1.4209904e+02
   2.9340000e+03   3.0000296e+02   1.3970804e+02
   2.9450000e+03   3.0512122e+02   1.3859345e+02
   2.9470000e+03   3.0431677e+02   1.3860329e+02
   2.9530000e+03   2.9824187e+02   1.4035782e+02
   2.9610000e+03   2.9183650e+02   1.4112248e+02
   2.9650000e+03   2.8972903e+02   1.4160361e+02
   2.9670000e+03   2.8662787e+02   1.4210206e+02
   2.9680000e+03   2.8592708e+02   1.4291728e+02
   3.0030000e+03   2.9249327e+02   1.4043073e+02
   3.0070000e+03   2.9561157e+02   1.4093579e+02
   3.0100000e+03   2.9944469e+02   1.3962531e+02
   3.0130000e+03   3.0119352e+02   1.3899040e+02
   3.0310000e+03   3.0216552e+02   1.3934719e+02
   3.0320000e+03   3.0192327e+02   1.3863015e+02
   3.0520000e+03   2.8747913e+02   1.4099054e+02
   3.0640000e+03   2.8349949e+02   1.4121502e+02
   3.0660000e+03   2.8282477e+02   1.4226751e+02
   3.0690000e+03   2.8341154e+02   1.4234722e+02
   3.0750000e+03   2.8235686e+02   1.4337117e+02
   3.0810000e+03   2.8320624e+02   1.4272139e+02
   3.0900000e+03   2.9270079e+02   1.4114218e+02
   3.0980000e+03   2.9997278e+02   1.4060599e+02
   3.1080000e+03   3.0693643e+02   1.3873767e+02
   3.1170000e+03   3.0295300e+02   1.4031815e+02
   3.1230000e+03   2.9792486e+02   1.4150285e+02
   3.1280000e+03   2.9482237e+02   1.4081281e+02
   3.1340000e+03   2.8927219e+02   1.4160361e+02
   3.1630000e+03   2.9836438e+02   1.4042041e+02
   3.1860000e+03   3.0787011e+02   1.3898584e+02
   3.1970000e+03   3.0132640e+02   1.3956672e+02
   3.2000000e+03   3.0005921e+02   1.3933688e+02
   3.2080000e+03   2.9253943e+02   1.4092658e+02
   3.2140000e+03   2.8752164e+02   1.4168910e+02
   3.2180000e+03   2.8566598e+02   1.4274153e+02
   3.2320000e+03   2.8630856e+02   1.4111216e+02
   3.2380000e+03   2.9458493e+02   1.4025561e+02
   3.2730000e+03   2.9031651e+02   1.4046177e+02
   3.2880000e+03   2.8118833e+02   1.4197797e+02
   3.3290000e+03   2.9850322e+02   1.3896692e+02
   3.3300000e+03   2.9751517e+02   1.3880087e+02
   3.3460000e+03   2.8297139e+02   1.4206069e+02
   3.3680000e+03   2.8744556e+02   1.4097765e+02
   3.4000000e+03   3.0793243e+02   1.3738754e+02
   3.4050000e+03   3.0620562e+02   1.3781037e+02
   3.4290000e+03   2.9182069e+02   1.4055389e+02
   3.4350000e+03   2.8832664e+02   1.4091456e+02
   3.4410000e+03   2.8425850e+02   1.4268003e+02
   3.4530000e+03   2.8398410e+02   1.4167713e+02
   3.4810000e+03   3.0608704e+02   1.3769721e+02
   3.4970000e+03   3.0304295e+02   1.4000789e+02
   3.5090000e+03   2.9499997e+02   1.4065872e+02
   3.5240000e+03   2.8329678e+02   1.4188603e+02
   3.5380000e+03   2.8066023e+02   1.4353662e+02
   3.5420000e+03   2.8459024e+02   1.4193544e+02
   3.5470000e+03   2.9014184e+02   1.4092658e+02
   3.5510000e+03   2.9693065e+02   1.4080188e+02
   3.5620000e+03   3.0350164e+02   1.3756013e+02
   3.5820000e+03   2.9818579e+02   1.3937824e+02
   3.5860000e+03   2.9722193e+02   1.3941850e+02
   3.5890000e+03   2.9597936e+02   1.3985626e+02
   3.5940000e+03   2.9066797e+02   1.4033769e+02
   3.5950000e+03   2.9052135e+02   1.4034861e+02
   3.6080000e+03   2.8264788e+02   1.4145926e+02
   3.6090000e+03   2.8230078e+02   1.4239159e+02
   3.6220000e+03   2.8657359e+02   1.4204056e+02
   3.6320000e+03   2.9940798e+02   1.4023773e+02
   3.6520000e+03   3.0787404e+02   1.3806886e+02
   3.6620000e+03   3.0506300e+02   1.3844002e+02
   3.6650000e+03   3.0422422e+02   1.3911541e+02
   3.6750000e+03   2.9660371e+02   1.3999010e+02
   3.6770000e+03   2.9496900e+02   1.4127590e+02
   3.7000000e+03   2.7994186e+02   1.4244054e+02
   3.7040000e+03   2.7975263e+02   1.4291728e+02
   3.7280000e+03   3.0102700e+02   1.3826426e+02
   3.7300000e+03   3.0306946e+02   1.3803400e+02
   3.7360000e+03   3.0678784e+02   1.3684000e+02
   3.7600000e+03   3.0087645e+02   1.3917143e+02
   3.7750000e+03   2.9100774e+02   1.3963839e+02
   3.7800000e+03   2.8677450e+02   1.4002863e+02
   3.7870000e+03   2.8370416e+02   1.4019408e+02
   3.7940000e+03   2.8175064e+02   1.3992839e+02
   3.7960000e+03   2.8042932e+02   1.4112248e+02
   3.7990000e+03   2.8104171e+02   1.4134942e+02
   3.8260000e+03   3.1325594e+02   1.3712310e+02
   3.8290000e+03   3.1269939e+02   1.3842910e+02
   3.8310000e+03   3.1199450e+02   1.3713936e+02
   3.8620000e+03   2.9091595e+02   1.4147170e+02
   3.8720000e+03   2.8569420e+02   1.4232900e+02
   3.8810000e+03   2.8423242e+02   1.4236115e+02
   3.8860000e+03   2.8297113e+02   1.4403157e+02
   3.8880000e+03   2.8288299e+02   1.4378370e+02
   3.9000000e+03   2.9259962e+02   1.4174071e+02
   3.9150000e+03   3.1064781e+02   1.3886954e+02
   3.9240000e+03   3.0854679e+02   1.3864573e+02
   3.9260000e+03   3.0620545e+02   1.3916222e+02
   3.9370000e+03   2.9558147e+02   1.4034432e+02
   3.9410000e+03   2.9078638e+02   1.4091566e+02
   3.9580000e+03   2.8387899e+02   1.4164878e+02
   3.9680000e+03   2.8329510e+02   1.4234630e+02
   3.9730000e+03   2.8508163e+02   1.4184467e+02
   3.9770000e+03   2.8701345e+02   1.4184467e+02
   3.9890000e+03   3.0038736e+02   1.3906346e+02
   3.9900000e+03   3.0304919e+02   1.3907839e+02
   3.9920000e+03   3.0512532e+02   1.3808850e+02
   4.0100000e+03   3.0010590e+02   1.4031953e+02
   4.0210000e+03   2.9157771e+02   1.4135863e+02
   4.0280000e+03   2.8592922e+02   1.4239049e+02
   4.0510000e+03   2.8110342e+02   1.4285094e+02
   4.0570000e+03   2.8203771e+02   1.4284438e+02
   4.0610000e+03   2.8698131e+02   1.4261854e+02
   4.0680000e+03   2.9239397e+02   1.4030480e+02
   4.0760000e+03   3.0275184e+02   1.3926397e+02
   4.0770000e+03   3.0421575e+02   1.3930644e+02
   4.0810000e+03   3.0777605e+02   1.3816914e+02
   4.0840000e+03   3.1229184e+02   1.3918174e+02
   4.0910000e+03   3.1185001e+02   1.3914037e+02
   4.0920000e+03   3.1118822e+02   1.3870685e+02
   4.1080000e+03   2.9956523e+02   1.4068762e+02
   4.1090000e+03   2.9795487e+02   1.4146149e+02
   4.1190000e+03   2.8792847e+02   1.4272455e+02
   4.1590000e+03   2.9180846e+02   1.4148272e+02
   4.1780000e+03   3.0965923e+02   1.3859345e+02
   4.1790000e+03   3.0875616e+02   1.3828309e+02
   4.1950000e+03   3.0181620e+02   1.3907949e+02
   4.2070000e+03   2.9104945e+02   1.4137986e+02
   4.2140000e+03   2.8647438e+02   1.4256370e+02
   4.2150000e+03   2.8513806e+02   1.4249445e+02
   4.2190000e+03   2.8282494e+02   1.4261854e+02
   4.2360000e+03   2.8086304e+02   1.4405368e+02
   4.2490000e+03   2.8323642e+02   1.4235023e+02
   4.2510000e+03   2.8391114e+02   1.4230887e+02
   4.2650000e+03   2.9753133e+02   1.3893799e+02
   4.2800000e+03   3.0392234e+02   1.3850152e+02
   4.2900000e+03   2.9789254e+02   1.3900769e+02
   4.2980000e+03   2.9452742e+02   1.4014303e+02
   4.3180000e+03   2.8420224e+02   1.4217447e+02
   4.3240000e+03   2.8232882e+02   1.4211298e+02
   4.3600000e+03   2.9759848e+02   1.3918570e+02
   4.3640000e+03   3.0172993e+02   1.3862450e+02
   4.3700000e+03   3.0626581e+02   1.3781037e+02
   4.3820000e+03   3.0026414e+02   1.3898165e+02
   4.3910000e+03   2.9435660e+02   1.4019347e+02
   4.4020000e+03   2.8768407e+02   1.4111216e+02
   4.4140000e+03   2.8255680e+02   1.4137884e+02
   4.4270000e+03   2.9813150e+02   1.3916222e+02
   4.4280000e+03   2.9830420e+02   1.3964655e+02
   4.4350000e+03   3.0194004e+02   1.3830788e+02
   4.4360000e+03   3.0301884e+02   1.3917143e+02
   4.4390000e+03   3.0465741e+02   1.3949140e+02
   4.4430000e+03   3.0696239e+02   1.3736391e+02
   4.4480000e+03   3.0749274e+02   1.3770751e+02
   4.4490000e+03   3.0708108e+02   1.3760466e+02
   4.4600000e+03   3.0335984e+02   1.3970140e+02
   4.4790000e+03   2.8844308e+02   1.4088522e+02
   4.4840000e+03   2.8581064e+02   1.4142183e+02
   4.4890000e+03   2.8455667e+02   1.4151306e+02
   4.5030000e+03   2.8774425e+02   1.4132819e+02
   4.5190000e+03   3.0465545e+02   1.3698422e+02
   4.5290000e+03   3.0534399e+02   1.3682389e+02
   4.5300000e+03   3.0558913e+02   1.3762479e+02
   4.5450000e+03   2.9496703e+02   1.3894619e+02
   4.5690000e+03   2.8278075e+02   1.4150109e+02
   4.5700000e+03   2.8273850e+02   1.4138047e+02
   4.5740000e+03   2.8218219e+02   1.4235023e+02
   4.5820000e+03   2.8194244e+02   1.4268595e+02
   4.5870000e+03   2.8709775e+02   1.4079158e+02
   4.5880000e+03   2.8856149e+02   1.4023544e+02
   4.5990000e+03   3.0197290e+02   1.3873256e+02
   4.6110000e+03   3.1247044e+02   1.3689229e+02
   4.6300000e+03   2.9845279e+02   1.3901800e+02
   4.6610000e+03   2.8281361e+02   1.4263492e+02
   4.6620000e+03   2.8200753e+02   1.4233992e+02
   4.6700000e+03   2.8150961e+02   1.4250537e+02
   4.6770000e+03   2.8078017e+02   1.4279714e+02
   4.6830000e+03   2.8200753e+02   1.4229856e+02
   4.7000000e+03   3.0369142e+02   1.3833607e+02
   4.7090000e+03   3.0974377e+02   1.3710744e+02
   4.7240000e+03   3.0409521e+02   1.3812004e+02
   4.7380000e+03   2.9687064e+02   1.3945065e+02
   4.7390000e+03   2.9496711e+02   1.3973263e+02
   4.7480000e+03   2.8949730e+02   1.4061692e+02
   4.7540000e+03   2.8484482e+02   1.4184467e+02
   4.7610000e+03   2.8485527e+02   1.4180122e+02
   4.7650000e+03   2.8470016e+02   1.4137016e+02
   4.7690000e+03   2.8282673e+02   1.4192629e+02
   4.7780000e+03   2.8487992e+02   1.4113067e+02
   4.7820000e+03   2.8815394e+02   1.4067951e+02
   4.7920000e+03   3.0017566e+02   1.3826426e+02
   4.8000000e+03   3.1027455e+02   1.3646766e+02
   4.8200000e+03   3.0228393e+02   1.3895479e+02
   4.8230000e+03   3.0187442e+02   1.3945004e+02
   4.8250000e+03   3.0146678e+02   1.3911449e+02
   4.8270000e+03   3.0020780e+02   1.3896571e+02
   4.8430000e+03   2.8788694e+02   1.4158667e+02
   4.8510000e+03   2.8538747e+02   1.4159394e+02
   4.8570000e+03   2.8382274e+02   1.4163786e+02
   4.8680000e+03   2.8707167e+02   1.4145228e+02
   4.8790000e+03   3.0172430e+02   1.3781659e+02
   4.9360000e+03   2.8850147e+02   1.4119428e+02
   4.9670000e+03   2.8885473e+02   1.4116384e+02
   4.9710000e+03   2.9374228e+02   1.3975546e+02
   4.9910000e+03   3.1530362e+02   1.3656248e+02
   4.9920000e+03   3.1489197e+02   1.3637580e+02
   4.9940000e+03   3.1575444e+02   1.3662629e+02
   5.0000000e+03   3.1322946e+02   1.3754206e+02
   5.0020000e+03   3.1003874e+02   1.3857332e+02
   5.0100000e+03   3.0297016e+02   1.3936175e+02
   5.0440000e+03   2.8537488e+02   1.4167922e+02
   5.0720000e+03   3.1398847e+02   1.3687215e+02
   5.0780000e+03   3.1583731e+02   1.3594607e+02
   5.0810000e+03   3.1404473e+02   1.3593284e+02
   5.0880000e+03   3.0781188e+02   1.3752194e+02
   5.1160000e+03   2.9193713e+02   1.4022391e+02
   5.1350000e+03   2.8437708e+02   1.4226751e+02
   5.1670000e+03   3.0848660e+02   1.3723240e+02
   5.1680000e+03   3.1060816e+02   1.3649115e+02
   5.1790000e+03   3.1606460e+02   1.3647866e+02
   5.1880000e+03   3.0962709e+02   1.3790231e+02
   5.2030000e+03   2.9755907e+02   1.4016632e+02
   5.2090000e+03   2.9426820e+02   1.3984305e+02
   5.2180000e+03   2.8981859e+02   1.4051296e+02
   5.2220000e+03   2.8824279e+02   1.4071888e+02
   5.2230000e+03   2.8891492e+02   1.4112248e+02
   5.2240000e+03   2.8853345e+02   1.4101852e+02
   5.2250000e+03   2.8880715e+02   1.4126442e+02
   5.2460000e+03   3.0184424e+02   1.3807868e+02
