   1.0000000e+00   2.6331661e+02   2.0531439e+02
   1.7000000e+01   2.6395502e+02   2.0734385e+02
   4.4000000e+01   2.6329049e+02   2.1882570e+02
   5.7000000e+01   2.6599236e+02   2.0467280e+02
   1.0500000e+02   2.6575296e+02   2.1358521e+02
   1.0700000e+02   2.6435582e+02   2.1281120e+02
   1.1200000e+02   2.6615034e+02   2.0911053e+02
   1.1700000e+02   2.6677379e+02   2.0364318e+02
   1.2000000e+02   2.6660681e+02   2.0145358e+02
   1.2600000e+02   2.6554148e+02   1.9914691e+02
   1.3100000e+02   2.6527812e+02   2.0165066e+02
   1.3800000e+02   2.6520192e+02   2.1062160e+02
   1.5500000e+02   2.6427404e+02   2.1894993e+02
   1.5800000e+02   2.6491803e+02   2.1901562e+02
   1.6900000e+02   2.6422396e+02   2.0878922e+02
   1.8200000e+02   2.6235361e+02   1.9811013e+02
   1.9300000e+02   2.6351873e+02   2.0930046e+02
   1.9800000e+02   2.6502935e+02   2.1405950e+02
   2.1800000e+02   2.6425350e+02   2.1940262e+02
   2.1900000e+02   2.6481228e+02   2.1795009e+02
   2.2100000e+02   2.6411263e+02   2.1563626e+02
   2.6100000e+02   2.6531883e+02   2.1476065e+02
   2.7800000e+02   2.6547086e+02   2.1965824e+02
   2.8600000e+02   2.6513131e+02   2.1885548e+02
   2.9700000e+02   2.6571405e+02   2.1078174e+02
   3.0500000e+02   2.6548582e+02   2.0171635e+02
   3.0700000e+02   2.6579025e+02   1.9953391e+02
   3.0900000e+02   2.6589598e+02   1.9962120e+02
   3.1300000e+02   2.6435582e+02   2.0200072e+02
   3.5300000e+02   2.6556201e+02   2.1576765e+02
   3.5400000e+02   2.6584032e+02   2.1486941e+02
   3.5500000e+02   2.6642865e+02   2.1381104e+02
   3.5700000e+02   2.6635804e+02   2.1155575e+02
   3.6100000e+02   2.6635245e+02   2.1023460e+02
   3.8800000e+02   2.6688512e+02   2.1519072e+02
   3.9000000e+02   2.6658068e+02   2.1650471e+02
   4.0600000e+02   2.6595165e+02   2.2139514e+02
   4.0700000e+02   2.6584032e+02   2.2139514e+02
   4.2900000e+02   2.6751415e+02   2.0408872e+02
   4.3500000e+02   2.6801511e+02   2.0051944e+02
   4.4100000e+02   2.6607414e+02   2.0219065e+02
   4.5100000e+02   2.6537449e+02   2.1438081e+02
   4.6400000e+02   2.6457847e+02   2.2081106e+02
   4.6800000e+02   2.6466926e+02   2.2087675e+02
   4.7500000e+02   2.6519634e+02   2.2100098e+02
   4.8200000e+02   2.6539502e+02   2.1836585e+02
   4.8700000e+02   2.6663076e+02   2.1360680e+02
   4.9700000e+02   2.6766997e+02   2.0040237e+02
   4.9900000e+02   2.6761989e+02   1.9808138e+02
   5.0700000e+02   2.6590157e+02   1.9878151e+02
   5.1900000e+02   2.6658068e+02   2.1373819e+02
   5.3000000e+02   2.6508501e+02   2.2119806e+02
   5.3200000e+02   2.6514067e+02   2.2161382e+02
   5.4600000e+02   2.6508501e+02   2.1586209e+02
   5.4800000e+02   2.6590157e+02   2.1454810e+02
   5.5700000e+02   2.6675325e+02   2.0621262e+02
   5.7200000e+02   2.6493856e+02   2.0502286e+02
   5.7600000e+02   2.6567334e+02   2.0737260e+02
   5.9300000e+02   2.6415713e+02   2.2158506e+02
   5.9400000e+02   2.6446714e+02   2.2232213e+02
   6.0500000e+02   2.6482724e+02   2.1830731e+02
   6.1100000e+02   2.6619105e+02   2.1316126e+02
   6.1400000e+02   2.6705210e+02   2.1003752e+02
   6.1800000e+02   2.6682387e+02   2.0727815e+02
   6.2400000e+02   2.6710777e+02   2.0245342e+02
   6.2500000e+02   2.6733600e+02   2.0245342e+02
   6.2600000e+02   2.6694078e+02   2.0309604e+02
   6.3400000e+02   2.6536891e+02   2.0943184e+02
   6.5100000e+02   2.6543952e+02   2.2151937e+02
   6.6500000e+02   2.6580520e+02   2.2094245e+02
   6.6900000e+02   2.6475104e+02   2.1865840e+02
   6.7100000e+02   2.6542457e+02   2.1762878e+02
   6.7200000e+02   2.6545069e+02   2.1650471e+02
   6.7500000e+02   2.6631733e+02   2.1274551e+02
   6.8300000e+02   2.6624113e+02   2.0753377e+02
   6.9100000e+02   2.6642865e+02   2.0727815e+02
   6.9600000e+02   2.6486236e+02   2.1332243e+02
   6.9800000e+02   2.6470096e+02   2.1451219e+02
   7.1200000e+02   2.6360609e+02   2.2206651e+02
   7.1800000e+02   2.6430574e+02   2.2226359e+02
   7.2300000e+02   2.6660122e+02   2.1836585e+02
   7.2400000e+02   2.6730087e+02   2.1762878e+02
   7.5900000e+02   2.6556201e+02   2.1447525e+02
   8.1000000e+02   2.6595723e+02   2.0817639e+02
   8.1800000e+02   2.6586644e+02   2.1631479e+02
   8.2600000e+02   2.6561767e+02   2.2027107e+02
   8.2700000e+02   2.6544510e+02   2.2027107e+02
   8.3200000e+02   2.6561767e+02   2.2039530e+02
   8.3700000e+02   2.6644918e+02   2.1894993e+02
   8.4200000e+02   2.6837520e+02   2.1367250e+02
   8.4600000e+02   2.6843645e+02   2.1055591e+02
   8.5800000e+02   2.6776634e+02   1.9939537e+02
   8.6700000e+02   2.6675325e+02   2.0384026e+02
   8.7700000e+02   2.6554706e+02   2.1538064e+02
   8.8300000e+02   2.6495315e+02   2.2075252e+02
   8.9000000e+02   2.6556760e+02   2.2181090e+02
   9.1700000e+02   2.6841591e+02   1.9908122e+02
   9.2000000e+02   2.6660681e+02   2.0174511e+02
   9.2900000e+02   2.6635245e+02   2.0885492e+02
   9.3200000e+02   2.6739166e+02   2.1190581e+02
   9.4100000e+02   2.6624113e+02   2.1853417e+02
   9.4300000e+02   2.6612980e+02   2.1952685e+02
   9.5000000e+02   2.6520192e+02   2.2370897e+02
   9.5700000e+02   2.6733600e+02   2.2020538e+02
   9.5800000e+02   2.6768114e+02   2.2013969e+02
   9.5900000e+02   2.6750857e+02   2.1695025e+02
   9.6100000e+02   2.6797440e+02   2.1650471e+02
   9.6400000e+02   2.6803565e+02   2.1405950e+02
   9.6900000e+02   2.6952573e+02   2.0997898e+02
   9.8300000e+02   2.6924742e+02   2.0408872e+02
   1.0090000e+03   2.6710777e+02   2.2203776e+02
   1.0120000e+03   2.6671255e+02   2.2357758e+02
   1.0180000e+03   2.6624113e+02   2.2277482e+02
   1.0440000e+03   2.6848653e+02   2.0325618e+02
   1.0610000e+03   2.6664193e+02   2.1640208e+02
   1.0670000e+03   2.6674209e+02   2.1849723e+02
   1.0830000e+03   2.6831396e+02   2.2052669e+02
   1.0840000e+03   2.6820822e+02   2.1997955e+02
   1.1010000e+03   2.6745291e+02   1.9762868e+02
   1.1190000e+03   2.6699644e+02   2.0608124e+02
   1.1370000e+03   2.6760872e+02   2.2000830e+02
   1.1590000e+03   2.7008236e+02   2.0727815e+02
   1.1650000e+03   2.6871476e+02   2.0071652e+02
   1.2210000e+03   2.7039237e+02   2.0078221e+02
   1.2250000e+03   2.7014919e+02   1.9775291e+02
   1.2320000e+03   2.6848653e+02   1.9987682e+02
   1.2340000e+03   2.6899865e+02   2.0260640e+02
   1.2400000e+03   2.6872034e+02   2.1062160e+02
   1.2440000e+03   2.6893741e+02   2.1293543e+02
   1.2560000e+03   2.6835467e+02   2.2026392e+02
   1.2790000e+03   2.7123847e+02   2.0174511e+02
   1.2810000e+03   2.7078759e+02   1.9901553e+02
   1.2820000e+03   2.7026051e+02   1.9882560e+02
   1.2850000e+03   2.6965201e+02   1.9929990e+02
   1.2900000e+03   2.6901919e+02   2.0013959e+02
   1.3420000e+03   2.6901361e+02   1.9887698e+02
   1.3460000e+03   2.6775175e+02   2.0450447e+02
   1.3480000e+03   2.6635245e+02   2.0646824e+02
   1.3490000e+03   2.6718955e+02   2.0832937e+02
   1.3610000e+03   2.6647873e+02   2.1836585e+02
   1.3750000e+03   2.6854219e+02   2.1611771e+02
   1.3830000e+03   2.6905431e+02   2.1135867e+02
   1.3900000e+03   2.6958698e+02   2.0312479e+02
   1.3940000e+03   2.6841033e+02   1.9935843e+02
   1.4050000e+03   2.6755865e+02   2.0212495e+02
   1.4240000e+03   2.6848653e+02   2.1789155e+02
   1.4280000e+03   2.6761989e+02   2.1856293e+02
   1.4330000e+03   2.6820822e+02   2.1418373e+02
   1.4450000e+03   2.6946449e+02   2.0020529e+02
   1.4590000e+03   2.6716343e+02   2.0027098e+02
   1.4610000e+03   2.6784254e+02   2.0200072e+02
   1.4680000e+03   2.6696131e+02   2.1103736e+02
   1.4760000e+03   2.6749740e+02   2.1599348e+02
   1.4930000e+03   2.6658627e+02   2.1894993e+02
   1.5230000e+03   2.6919176e+02   2.0119797e+02
   1.5240000e+03   2.6889670e+02   2.0113227e+02
   1.5260000e+03   2.6838457e+02   2.0576709e+02
   1.5410000e+03   2.6733041e+02   2.1888424e+02
   1.5450000e+03   2.6772563e+02   2.2020538e+02
   1.5500000e+03   2.6739166e+02   2.2165076e+02
   1.5640000e+03   2.7077264e+02   2.1373819e+02
   1.5720000e+03   2.7182680e+02   2.0708107e+02
   1.5760000e+03   2.7136096e+02   2.0351179e+02
   1.5770000e+03   2.7159857e+02   2.0312479e+02
   1.5800000e+03   2.7019926e+02   2.0027098e+02
   1.5920000e+03   2.6767555e+02   2.1300112e+02
   1.6030000e+03   2.6750298e+02   2.2158506e+02
   1.6170000e+03   2.6894299e+02   2.1711039e+02
   1.6280000e+03   2.7073193e+02   2.0570139e+02
   1.6320000e+03   2.7107148e+02   2.0258481e+02
   1.6460000e+03   2.6974838e+02   2.0662838e+02
   1.6470000e+03   2.7002669e+02   2.0842382e+02
   1.6580000e+03   2.6769609e+02   2.1769447e+02
   1.6760000e+03   2.6871476e+02   2.2046100e+02
   1.6830000e+03   2.7078759e+02   2.1209573e+02
   1.7150000e+03   2.6725421e+02   2.1875285e+02
   1.7200000e+03   2.6691466e+02   2.2026392e+02
   1.7210000e+03   2.6647873e+02   2.2126376e+02
   1.7290000e+03   2.6640811e+02   2.2139514e+02
   1.7530000e+03   2.6933263e+02   1.9929990e+02
   1.7610000e+03   2.6940883e+02   2.0141664e+02
   1.7730000e+03   2.6731546e+02   2.1711755e+02
   1.7780000e+03   2.6547465e+02   2.1959255e+02
   1.7850000e+03   2.6575854e+02   2.2081106e+02
   1.7860000e+03   2.6714289e+02   2.2119806e+02
   1.7870000e+03   2.6669759e+02   2.2094245e+02
   1.7890000e+03   2.6846599e+02   2.1948991e+02
   1.7900000e+03   2.6844203e+02   2.1843154e+02
   1.7930000e+03   2.7037742e+02   2.1389833e+02
   1.8050000e+03   2.7123847e+02   1.9962120e+02
   1.8210000e+03   2.6925679e+02   2.0116103e+02
   1.8270000e+03   2.6864793e+02   2.1016175e+02
   1.8280000e+03   2.6839916e+02   2.1148290e+02
   1.8480000e+03   2.6739166e+02   2.1987691e+02
   1.8550000e+03   2.7127360e+02   2.1286974e+02
   1.8580000e+03   2.7071139e+02   2.1052613e+02
   1.8660000e+03   2.7060565e+02   2.0097213e+02
   1.8750000e+03   2.6699644e+02   1.9319811e+02
   1.8940000e+03   2.6809689e+02   2.1618340e+02
   1.9040000e+03   2.6899307e+02   2.2007399e+02
   1.9060000e+03   2.6980963e+02   2.1936568e+02
   1.9250000e+03   2.7151300e+02   2.0112511e+02
   1.9310000e+03   2.6986529e+02   1.9685468e+02
   1.9390000e+03   2.6780741e+02   2.0141664e+02
   1.9460000e+03   2.6882050e+02   2.0937331e+02
   1.9670000e+03   2.6733600e+02   2.2032961e+02
   1.9690000e+03   2.6859785e+02   2.1901562e+02
   1.9970000e+03   2.6882608e+02   2.0158497e+02
   1.9980000e+03   2.6854219e+02   2.0403018e+02
   1.9990000e+03   2.6882608e+02   2.0528564e+02
   2.0010000e+03   2.6825271e+02   2.0794953e+02
   2.0080000e+03   2.6916006e+02   2.1424942e+02
   2.0090000e+03   2.6795386e+02   2.1663610e+02
   2.0100000e+03   2.6795386e+02   2.1649755e+02
   2.0500000e+03   2.6739166e+02   1.9392802e+02
   2.0740000e+03   2.6704652e+02   2.1630763e+02
   2.0780000e+03   2.6663635e+02   2.1850439e+02
   2.1010000e+03   2.7159857e+02   2.0212495e+02
   2.1070000e+03   2.7082272e+02   1.9676023e+02
   2.1130000e+03   2.6871476e+02   1.9280395e+02
   2.1180000e+03   2.6829900e+02   1.9538055e+02
   2.1300000e+03   2.6728034e+02   2.1267266e+02
   2.1380000e+03   2.6644324e+02   2.1778892e+02
   2.1440000e+03   2.6737671e+02   2.1811023e+02
   2.1530000e+03   2.7209015e+02   2.0865784e+02
   2.1730000e+03   2.6802069e+02   1.9683308e+02
   2.1990000e+03   2.6612980e+02   2.1936568e+02
   2.2020000e+03   2.6669201e+02   2.1888424e+02
   2.2280000e+03   2.6843086e+02   1.9392802e+02
   2.2500000e+03   2.6674767e+02   2.1749739e+02
   2.2540000e+03   2.6690907e+02   2.1920554e+02
   2.2560000e+03   2.6670696e+02   2.2013969e+02
   2.2720000e+03   2.7113273e+02   2.0624138e+02
   2.2740000e+03   2.7152237e+02   2.0444593e+02
   2.2800000e+03   2.7129972e+02   1.9987682e+02
   2.2850000e+03   2.6969830e+02   1.9975259e+02
   2.2940000e+03   2.6877042e+02   2.0852645e+02
   2.3100000e+03   2.6756423e+02   2.1994261e+02
   2.3540000e+03   2.6806177e+02   2.1467233e+02
   2.3550000e+03   2.6792990e+02   2.1553363e+02
   2.3610000e+03   2.6708723e+02   2.1856293e+02
   2.3660000e+03   2.6761989e+02   2.2061398e+02
   2.3710000e+03   2.6800953e+02   2.2022698e+02
   2.3880000e+03   2.7251149e+02   2.0360624e+02
   2.3890000e+03   2.7303857e+02   2.0110249e+02
   2.3930000e+03   2.7253761e+02   1.9791305e+02
   2.3940000e+03   2.7107707e+02   1.9727043e+02
   2.3950000e+03   2.7096574e+02   1.9598623e+02
   2.3990000e+03   2.6964264e+02   1.9438071e+02
   2.4090000e+03   2.6789820e+02   2.0807376e+02
   2.4340000e+03   2.7086379e+02   2.1525641e+02
   2.4350000e+03   2.7150778e+02   2.1473803e+02
   2.4440000e+03   2.7269902e+02   2.0714677e+02
   2.4790000e+03   2.6756423e+02   2.1881854e+02
   2.4810000e+03   2.6723026e+02   2.1975268e+02
   2.4830000e+03   2.6722467e+02   2.2035836e+02
   2.4910000e+03   2.7097133e+02   2.1440956e+02
   2.5090000e+03   2.7048874e+02   1.9968690e+02
   2.5180000e+03   2.6888733e+02   2.1090597e+02
   2.5380000e+03   2.6847157e+02   2.1891299e+02
   2.5500000e+03   2.7216635e+02   2.0705232e+02
   2.5520000e+03   2.7314990e+02   2.0601554e+02
   2.5540000e+03   2.7233892e+02   2.0383310e+02
   2.5610000e+03   2.7084884e+02   2.0173795e+02
   2.5790000e+03   2.6784254e+02   2.1781870e+02
   2.5910000e+03   2.7084884e+02   2.1936568e+02
   2.5980000e+03   2.7239459e+02   2.1177442e+02
   2.6030000e+03   2.7362690e+02   2.0683262e+02
   2.6120000e+03   2.6980963e+02   2.0502286e+02
   2.6340000e+03   2.6669201e+02   2.2357758e+02
   2.6390000e+03   2.6723026e+02   2.2245351e+02
   2.6670000e+03   2.7050928e+02   2.0489148e+02
   2.6680000e+03   2.6961652e+02   2.0554125e+02
   2.6730000e+03   2.6929750e+02   2.1084743e+02
   2.6950000e+03   2.6927138e+02   2.1940262e+02
   2.7140000e+03   2.7003228e+02   1.9814708e+02
   2.7180000e+03   2.7084325e+02   1.9927114e+02
   2.7200000e+03   2.6924184e+02   2.0107374e+02
   2.7330000e+03   2.6835467e+02   2.1618340e+02
   2.7440000e+03   2.6874430e+02   2.2154812e+02
   2.7530000e+03   2.7304416e+02   2.1624194e+02
   2.7570000e+03   2.7374381e+02   2.1122728e+02
   2.7660000e+03   2.7256716e+02   2.0405893e+02
   2.7680000e+03   2.7221265e+02   2.0026382e+02
   2.7960000e+03   2.7122352e+02   2.1824162e+02
   2.8300000e+03   2.7452308e+02   1.9248980e+02
   2.8330000e+03   2.7400158e+02   1.9473077e+02
   2.8460000e+03   2.7141104e+02   2.0546840e+02
   2.8500000e+03   2.7026051e+02   2.1135867e+02
   2.8940000e+03   2.7320178e+02   1.9755583e+02
   2.9010000e+03   2.7407220e+02   2.0753377e+02
   2.9030000e+03   2.7478644e+02   2.0901609e+02
   2.9050000e+03   2.7409237e+02   2.1216143e+02
   2.9080000e+03   2.7307370e+02   2.1413235e+02
   2.9220000e+03   2.7526344e+02   2.1499364e+02
   2.9230000e+03   2.7616520e+02   2.1435102e+02
   2.9260000e+03   2.7732131e+02   2.1216143e+02
   2.9340000e+03   2.7773149e+02   2.0505161e+02
   2.9420000e+03   2.7445805e+02   1.9354101e+02
   2.9640000e+03   2.7340767e+02   2.0778939e+02
   2.9740000e+03   2.7141662e+02   2.1643902e+02
   2.9760000e+03   2.7197883e+02   2.1737316e+02
   2.9850000e+03   2.7543601e+02   2.1255559e+02
   2.9860000e+03   2.7567919e+02   2.1171589e+02
   2.9880000e+03   2.7642513e+02   2.1045327e+02
   3.0000000e+03   2.7538035e+02   1.9478931e+02
   3.0080000e+03   2.7286600e+02   1.9197141e+02
   3.0110000e+03   2.7285105e+02   1.9543909e+02
   3.0150000e+03   2.7407220e+02   2.0110352e+02
   3.0160000e+03   2.7396087e+02   2.0364318e+02
   3.0350000e+03   2.7177114e+02   2.1608896e+02
   3.0370000e+03   2.7071698e+02   2.1737316e+02
   3.0710000e+03   2.7401653e+02   1.9900837e+02
   3.0840000e+03   2.7112715e+02   2.1421964e+02
   3.1020000e+03   2.7371769e+02   2.1332243e+02
   3.1160000e+03   2.7639902e+02   1.9927114e+02
   3.1250000e+03   2.7341326e+02   1.9380379e+02
   3.1390000e+03   2.7169494e+02   2.0932921e+02
   3.1730000e+03   2.7491830e+02   2.0245342e+02
   3.1750000e+03   2.7531910e+02   1.9974543e+02
   3.1990000e+03   2.7136096e+02   2.1248273e+02
   3.2210000e+03   2.7452866e+02   2.1405950e+02
   3.2330000e+03   2.7594255e+02   2.0232203e+02
   3.2380000e+03   2.7422423e+02   1.9538055e+02
   3.2540000e+03   2.7171547e+02   2.1090597e+02
   3.2870000e+03   2.7635272e+02   2.0441719e+02
   3.2970000e+03   2.7451371e+02   1.9631469e+02
   3.3010000e+03   2.7314990e+02   1.9267256e+02
   3.3050000e+03   2.7262282e+02   1.9258527e+02
   3.3080000e+03   2.7285105e+02   1.9598623e+02
   3.3260000e+03   2.7018431e+02   2.1531495e+02
   3.3360000e+03   2.7151678e+02   2.1808148e+02
   3.3450000e+03   2.7560300e+02   2.1254843e+02
   3.3500000e+03   2.7630264e+02   2.0926351e+02
   3.3620000e+03   2.7417415e+02   1.9505208e+02
   3.3730000e+03   2.7233892e+02   2.0206642e+02
   3.3930000e+03   2.7048874e+02   2.1811023e+02
   3.3940000e+03   2.6998220e+02   2.1766572e+02
   3.3950000e+03   2.6944953e+02   2.1892117e+02
   3.4110000e+03   2.7628211e+02   2.0589132e+02
   3.4120000e+03   2.7647521e+02   2.0505161e+02
   3.4300000e+03   2.7179131e+02   2.0438024e+02
   3.4410000e+03   2.7050369e+02   2.1666485e+02
   3.4430000e+03   2.6927696e+02   2.1756308e+02
   3.4510000e+03   2.7042750e+02   2.1936568e+02
   3.4710000e+03   2.7630264e+02   2.0139505e+02
   3.4760000e+03   2.7633777e+02   2.0010265e+02
   3.4920000e+03   2.7146670e+02   1.9621206e+02
   3.4960000e+03   2.7307748e+02   2.0142380e+02
   3.4970000e+03   2.7309982e+02   2.0389164e+02
   3.5040000e+03   2.7129972e+02   2.1328549e+02
   3.5050000e+03   2.7013423e+02   2.1354827e+02
   3.5130000e+03   2.6979468e+02   2.1868716e+02
   3.5180000e+03   2.6962211e+02   2.1920554e+02
   3.5240000e+03   2.6973343e+02   2.2013969e+02
   3.5450000e+03   2.7571432e+02   2.0338756e+02
   3.5540000e+03   2.7332247e+02   1.9242411e+02
   3.5750000e+03   2.7270460e+02   2.0324902e+02
   3.5790000e+03   2.7160415e+02   2.0952629e+02
   3.5850000e+03   2.6974838e+02   2.1531495e+02
   3.5890000e+03   2.6922130e+02   2.1811023e+02
   3.5910000e+03   2.6887058e+02   2.1875285e+02
   3.5940000e+03   2.6759377e+02   2.2052669e+02
   3.6090000e+03   2.7434114e+02   2.1281120e+02
   3.6380000e+03   2.7084325e+02   1.9158441e+02
   3.6490000e+03   2.7013802e+02   2.0756355e+02
