   1.0000000e+00   3.7292824e+02   2.8576773e+02
   9.0000000e+00   3.7198129e+02   2.8449707e+02
   1.7000000e+01   3.7089420e+02   2.8483041e+02
   2.5000000e+01   3.6975406e+02   2.7993578e+02
   3.3000000e+01   3.6729960e+02   2.7277049e+02
   4.1000000e+01   3.6473904e+02   2.7142717e+02
   4.9000000e+01   3.6596627e+02   2.7377049e+02
   5.7000000e+01   3.6749279e+02   2.8020644e+02
   6.5000000e+01   3.7042073e+02   2.8328908e+02
   7.3000000e+01   3.7150782e+02   2.8516374e+02
   8.1000000e+01   3.7198129e+02   2.8543440e+02
   8.9000000e+01   3.7203435e+02   2.8328908e+02
   9.7000000e+01   3.6743974e+02   2.7706112e+02
   1.0500000e+02   3.6440570e+02   2.7148984e+02
   1.1300000e+02   3.6270500e+02   2.6908385e+02
   1.2100000e+02   3.6384514e+02   2.7136450e+02
   1.2900000e+02   3.6431861e+02   2.7679046e+02
   1.3700000e+02   3.6994726e+02   2.8094576e+02
   1.4500000e+02   3.7212144e+02   2.8342441e+02
   1.5300000e+02   3.7259491e+02   2.8516374e+02
   1.6100000e+02   3.7292824e+02   2.8455975e+02
   1.6900000e+02   3.7117449e+02   2.8328908e+02
   1.7700000e+02   3.6961392e+02   2.8174776e+02
   1.8500000e+02   3.6966697e+02   2.8114377e+02
   1.9300000e+02   3.6961392e+02   2.8288309e+02
   2.0100000e+02   3.7103435e+02   2.8516374e+02
   2.0900000e+02   3.7245477e+02   2.8576773e+02
   2.1700000e+02   3.7312144e+02   2.8643440e+02
   2.2500000e+02   3.7202524e+02   2.8366599e+02
   2.3300000e+02   3.6966697e+02   2.8081043e+02
   2.4100000e+02   3.6615946e+02   2.7497848e+02
   2.4900000e+02   3.6256486e+02   2.7337448e+02
   2.5700000e+02   3.6242472e+02   2.7384315e+02
   2.6500000e+02   3.6601932e+02   2.7659246e+02
   2.7300000e+02   3.6838669e+02   2.8081043e+02
   2.8100000e+02   3.7061392e+02   2.8342441e+02
   2.8900000e+02   3.6994726e+02   2.8194576e+02
   2.9700000e+02   3.6635265e+02   2.7926911e+02
   3.0500000e+02   3.6540570e+02   2.8087311e+02
   3.1300000e+02   3.6459890e+02   2.8067510e+02
   3.2100000e+02   3.7080303e+02   2.8398251e+02
   3.2900000e+02   3.7008740e+02   2.8502841e+02
   3.3700000e+02   3.6834158e+02   2.8579909e+02
   3.4500000e+02   3.7059491e+02   2.8629907e+02
   3.5300000e+02   3.7178810e+02   2.8656973e+02
   3.6100000e+02   3.7306838e+02   2.8676773e+02
   3.6900000e+02   3.6805336e+02   2.7839446e+02
   3.7700000e+02   3.6398528e+02   2.7049983e+02
   3.8500000e+02   3.6189819e+02   2.6887586e+02
   3.9300000e+02   3.5811040e+02   2.6733454e+02
   4.0100000e+02   3.5721650e+02   2.6518922e+02
   4.0900000e+02   3.5844373e+02   2.6600121e+02
   4.1700000e+02   3.6000429e+02   2.7048984e+02
   4.2500000e+02   3.6384514e+02   2.7558247e+02
   4.3300000e+02   3.6905336e+02   2.7987311e+02
   4.4100000e+02   3.7264796e+02   2.8342441e+02
   4.4900000e+02   3.7290211e+02   2.8411784e+02
   4.5700000e+02   3.6749279e+02   2.8208110e+02
   4.6500000e+02   3.6331861e+02   2.7404115e+02
   4.7300000e+02   3.6089819e+02   2.6807386e+02
   4.8100000e+02   3.5668997e+02   2.6619921e+02
   4.8900000e+02   3.5560288e+02   2.6499122e+02
   4.9700000e+02   3.5512941e+02   2.6834452e+02
   5.0500000e+02   3.5991720e+02   2.7203116e+02
   5.1300000e+02   3.6261791e+02   2.7585313e+02
   5.2100000e+02   3.6919350e+02   2.8100844e+02
   5.2900000e+02   3.7117449e+02   2.8395575e+02
   5.3700000e+02   3.7070101e+02   2.8348709e+02
   5.4500000e+02   3.6473904e+02   2.7718647e+02
   5.5300000e+02   3.6042472e+02   2.7242717e+02
   5.6100000e+02   3.5574302e+02   2.6700121e+02
   5.6900000e+02   3.5337565e+02   2.6405389e+02
   5.7700000e+02   3.5298927e+02   2.6565789e+02
   5.8500000e+02   3.5418246e+02   2.6861519e+02
   5.9300000e+02   3.5986415e+02   2.7076050e+02
   6.0100000e+02   3.6370500e+02   2.7417648e+02
   6.0900000e+02   3.6687918e+02   2.8000844e+02
   6.1700000e+02   3.7189420e+02   2.8215375e+02
   6.2500000e+02   3.7259781e+02   2.8426999e+02
   6.3300000e+02   3.7215338e+02   2.8519510e+02
   6.4100000e+02   3.7117449e+02   2.8516374e+02
   6.4900000e+02   3.6838669e+02   2.8295575e+02
   6.5700000e+02   3.6323152e+02   2.7665513e+02
   6.6500000e+02   3.5783011e+02   2.6646987e+02
   6.7300000e+02   3.5295523e+02   2.6110658e+02
   6.8100000e+02   3.5295523e+02   2.5607662e+02
   6.8900000e+02   3.5139466e+02   2.5581594e+02
   6.9700000e+02   3.5342870e+02   2.5962793e+02
   7.0500000e+02   3.5432260e+02   2.6518922e+02
   7.1300000e+02   3.6056585e+02   2.7078777e+02
   7.2100000e+02   3.6554584e+02   2.7946711e+02
   7.2900000e+02   3.7061392e+02   2.8262242e+02
   7.3700000e+02   3.7140054e+02   2.8391405e+02
   7.4500000e+02   3.7087224e+02   2.8436823e+02
   7.5300000e+02   3.7206721e+02   2.8563915e+02
   7.6100000e+02   3.7173388e+02   2.8642666e+02
   7.6900000e+02   3.7162746e+02   2.8648949e+02
   7.7700000e+02   3.7189737e+02   2.8333902e+02
   7.8500000e+02   3.6443839e+02   2.7537623e+02
   7.9300000e+02   3.5716803e+02   2.6484240e+02
   8.0100000e+02   3.5358946e+02   2.5857549e+02
   8.0900000e+02   3.5284105e+02   2.5342943e+02
   8.1700000e+02   3.5270269e+02   2.5279197e+02
   8.2500000e+02   3.5317439e+02   2.5536700e+02
   8.3300000e+02   3.5309264e+02   2.6181319e+02
   8.4100000e+02   3.5730639e+02   2.6687162e+02
   8.4900000e+02   3.6174659e+02   2.7159271e+02
   8.5700000e+02   3.6380321e+02   2.7755550e+02
   8.6500000e+02   3.6929367e+02   2.8118896e+02
   8.7300000e+02   3.7112383e+02   2.8358072e+02
   8.8100000e+02   3.7004208e+02   2.8485163e+02
   8.8900000e+02   3.7056096e+02   2.8494332e+02
   8.9700000e+02   3.6921193e+02   2.8473078e+02
   9.0500000e+02   3.6740690e+02   2.8279320e+02
   9.1300000e+02   3.6046988e+02   2.7353029e+02
   9.2100000e+02   3.5553285e+02   2.6384240e+02
   9.2900000e+02   3.5306116e+02   2.5830458e+02
   9.3700000e+02   3.5109264e+02   2.5730458e+02
   9.4500000e+02   3.5197941e+02   2.5821295e+02
   9.5300000e+02   3.5339449e+02   2.6257149e+02
   9.6100000e+02   3.6099818e+02   2.6965514e+02
   9.6900000e+02   3.6382834e+02   2.7661793e+02
   9.7700000e+02   3.7029367e+02   2.8118896e+02
   9.8500000e+02   3.7112383e+02   2.8382242e+02
   9.9300000e+02   3.7159552e+02   2.8506411e+02
   1.0010000e+03   3.7240054e+02   2.8573078e+02
   1.0090000e+03   3.7234393e+02   2.8551830e+02
   1.0170000e+03   3.7301350e+02   2.8567051e+02
   1.0250000e+03   3.7187224e+02   2.8597248e+02
   1.0330000e+03   3.7065213e+02   2.8639745e+02
   1.0410000e+03   3.6901871e+02   2.7738692e+02
   1.0490000e+03   3.5952649e+02   2.7328859e+02
   1.0570000e+03   3.5722464e+02   2.6759671e+02
   1.0650000e+03   3.5872147e+02   2.6677998e+02
   1.0730000e+03   3.6127490e+02   2.7168435e+02
   1.0810000e+03   3.6033152e+02   2.7583041e+02
   1.0890000e+03   3.6343839e+02   2.7970557e+02
   1.0970000e+03   3.6943203e+02   2.8097648e+02
   1.1050000e+03   3.7159552e+02   2.8391405e+02
   1.1130000e+03   3.7126219e+02   2.8494327e+02
   1.1210000e+03   3.7011831e+02   2.8294297e+02
   1.1290000e+03   3.6829367e+02   2.7365114e+02
   1.1370000e+03   3.6038813e+02   2.6886762e+02
   1.1450000e+03   3.5411777e+02   2.6611331e+02
   1.1530000e+03   3.5722464e+02   2.6496325e+02
   1.1610000e+03   3.5897305e+02   2.6829259e+02
   1.1690000e+03   3.6111141e+02   2.7480120e+02
   1.1770000e+03   3.6294157e+02   2.7949308e+02
   1.1850000e+03   3.7029367e+02   2.8267236e+02
   1.1930000e+03   3.7118044e+02   2.8439745e+02
   1.2010000e+03   3.7126219e+02   2.8518496e+02
   1.2090000e+03   3.6613018e+02   2.8209732e+02
   1.2170000e+03   3.6174659e+02   2.7595126e+02
   1.2250000e+03   3.5975295e+02   2.7104689e+02
   1.2330000e+03   3.5944475e+02   2.6735501e+02
   1.2410000e+03   3.6133152e+02   2.7098847e+02
   1.2490000e+03   3.6046421e+02   2.7721264e+02
   1.2570000e+03   3.6632516e+02   2.8209732e+02
   1.2650000e+03   3.6943203e+02   2.8436823e+02
   1.2730000e+03   3.7018044e+02   2.8551830e+02
   1.2810000e+03   3.7245716e+02   2.8609333e+02
   1.2890000e+03   3.6730730e+02   2.8357851e+02
   1.2970000e+03   3.6463336e+02   2.7549708e+02
   1.3050000e+03   3.6085982e+02   2.6989683e+02
   1.3130000e+03   3.6041326e+02   2.6893004e+02
   1.3210000e+03   3.6027490e+02   2.7235101e+02
   1.3290000e+03   3.6180321e+02   2.7788884e+02
   1.3370000e+03   3.6713018e+02   2.8040145e+02
   1.3450000e+03   3.7118044e+02   2.8370157e+02
   1.3530000e+03   3.6890372e+02   2.8551830e+02
   1.3610000e+03   3.6882198e+02   2.8267236e+02
   1.3690000e+03   3.6443839e+02   2.7891805e+02
   1.3770000e+03   3.6235665e+02   2.7250108e+02
   1.3850000e+03   3.5694793e+02   2.6953429e+02
   1.3930000e+03   3.5669634e+02   2.6723416e+02
   1.4010000e+03   3.5852649e+02   2.6802168e+02
   1.4090000e+03   3.6028448e+02   2.6993858e+02
   1.4170000e+03   3.6399183e+02   2.7534702e+02
   1.4250000e+03   3.6707357e+02   2.8143066e+02
   1.4330000e+03   3.6823706e+02   2.8573078e+02
   1.4410000e+03   3.6979049e+02   2.8585163e+02
   1.4490000e+03   3.6699183e+02   2.8130981e+02
   1.4570000e+03   3.6391008e+02   2.7455950e+02
   1.4650000e+03   3.5680957e+02   2.7047186e+02
   1.4730000e+03   3.5306116e+02   2.6675077e+02
   1.4810000e+03   3.5114926e+02   2.6599247e+02
   1.4890000e+03   3.5342598e+02   2.6496325e+02
   1.4970000e+03   3.5472782e+02   2.6699247e+02
   1.5050000e+03   3.5722464e+02   2.7243865e+02
   1.5130000e+03   3.6207993e+02   2.7900969e+02
   1.5210000e+03   3.7037542e+02   2.8109732e+02
   1.5290000e+03   3.6976536e+02   2.8509333e+02
   1.5370000e+03   3.6937542e+02   2.8324739e+02
   1.5450000e+03   3.6532516e+02   2.7858472e+02
   1.5530000e+03   3.6019316e+02   2.7398447e+02
   1.5610000e+03   3.5600532e+02   2.7023017e+02
   1.5690000e+03   3.5995931e+02   2.7331780e+02
   1.5770000e+03   3.6362723e+02   2.7685962e+02
   1.5850000e+03   3.6677152e+02   2.7982641e+02
   1.5930000e+03   3.7001493e+02   2.8363885e+02
   1.6010000e+03   3.7129765e+02   2.8473078e+02
   1.6090000e+03   3.7177402e+02   2.8497248e+02
   1.6170000e+03   3.7115462e+02   2.8506411e+02
   1.6250000e+03   3.6548545e+02   2.7846387e+02
   1.6330000e+03   3.6491455e+02   2.7383441e+02
   1.6410000e+03   3.6229390e+02   2.7032180e+02
   1.6490000e+03   3.6277027e+02   2.7207611e+02
   1.6570000e+03   3.6724789e+02   2.8061393e+02
   1.6650000e+03   3.6986854e+02   2.8358072e+02
   1.6730000e+03   3.7020188e+02   2.8473078e+02
   1.6810000e+03   3.7029765e+02   2.8460993e+02
   1.6890000e+03   3.6811115e+02   2.8091132e+02
   1.6970000e+03   3.6529515e+02   2.7670956e+02
   1.7050000e+03   3.6467574e+02   2.7707211e+02
   1.7130000e+03   3.6720063e+02   2.8061393e+02
   1.7210000e+03   3.7111070e+02   2.8306382e+02
   1.7290000e+03   3.7072100e+02   2.8479117e+02
   1.7370000e+03   3.6948795e+02   2.8491405e+02
   1.7450000e+03   3.6655893e+02   2.8060702e+02
   1.7530000e+03   3.6467574e+02   2.7970557e+02
   1.7610000e+03   3.6686729e+02   2.8276399e+02
   1.7690000e+03   3.6972551e+02   2.8473078e+02
   1.7770000e+03   3.7091706e+02   2.8609333e+02
   1.7850000e+03   3.7058372e+02   2.8688084e+02
   1.7930000e+03   3.6905884e+02   2.8515575e+02
   1.8010000e+03   3.6500908e+02   2.7776799e+02
   1.8090000e+03   3.6215086e+02   2.7274277e+02
   1.8170000e+03   3.6105509e+02   2.7707211e+02
   1.8250000e+03   3.6739092e+02   2.8118896e+02
   1.8330000e+03   3.6982003e+02   2.8448908e+02
   1.8410000e+03   3.6896307e+02   2.8575999e+02
   1.8490000e+03   3.6920188e+02   2.8448908e+02
   1.8570000e+03   3.6624789e+02   2.8046387e+02
   1.8650000e+03   3.6419937e+02   2.7555950e+02
   1.8730000e+03   3.6210360e+02   2.7819296e+02
   1.8810000e+03   3.6720063e+02   2.8118896e+02
   1.8890000e+03   3.6915336e+02   2.8518496e+02
   1.8970000e+03   3.6943944e+02   2.8588084e+02
   1.9050000e+03   3.6834366e+02   2.8460993e+02
   1.9130000e+03   3.6450175e+02   2.7948599e+02
   1.9210000e+03   3.6234116e+02   2.7253029e+02
   1.9290000e+03   3.5772050e+02   2.6929259e+02
   1.9370000e+03   3.5929264e+02   2.7292605e+02
   1.9450000e+03   3.6362723e+02   2.7813054e+02
   1.9530000e+03   3.6705759e+02   2.8258072e+02
   1.9610000e+03   3.6815336e+02   2.8485163e+02
   1.9690000e+03   3.6915462e+02   2.8618496e+02
   1.9770000e+03   3.7115462e+02   2.8654751e+02
   1.9850000e+03   3.6839218e+02   2.8573078e+02
   1.9930000e+03   3.6734366e+02   2.8330981e+02
   2.0010000e+03   3.6405634e+02   2.7852629e+02
   2.0090000e+03   3.6162723e+02   2.7156350e+02
   2.0170000e+03   3.5772050e+02   2.6768835e+02
   2.0250000e+03   3.5348044e+02   2.6665913e+02
   2.0330000e+03   3.5309984e+02   2.6653828e+02
   2.0410000e+03   3.5438592e+02   2.6814253e+02
   2.0490000e+03   3.5886354e+02   2.7010932e+02
   2.0570000e+03   3.6139731e+02   2.7481636e+02
   2.0650000e+03   3.6548545e+02   2.8003890e+02
   2.0730000e+03   3.6515211e+02   2.8291405e+02
   2.0810000e+03   3.6720063e+02   2.8518496e+02
   2.0890000e+03   3.6801033e+02   2.8518496e+02
   2.0970000e+03   3.6534241e+02   2.8312654e+02
   2.1050000e+03   3.6405634e+02   2.7601368e+02
   2.1130000e+03   3.6148419e+02   2.7056350e+02
   2.1210000e+03   3.5800657e+02   2.6893004e+02
   2.1290000e+03   3.5548169e+02   2.6699247e+02
   2.1370000e+03   3.5490955e+02   2.6693004e+02
   2.1450000e+03   3.5981628e+02   2.7101768e+02
   2.1530000e+03   3.6519937e+02   2.7661793e+02
   2.1610000e+03   3.6610485e+02   2.8243066e+02
   2.1690000e+03   3.6953521e+02   2.8427660e+02
   2.1770000e+03   3.6977277e+02   2.8588084e+02
   2.1850000e+03   3.6924914e+02   2.8394327e+02
   2.1930000e+03   3.6615211e+02   2.8003890e+02
   2.2010000e+03   3.6243693e+02   2.7316774e+02
   2.2090000e+03   3.5791080e+02   2.6908010e+02
   2.2170000e+03   3.5348044e+02   2.6771756e+02
   2.2250000e+03   3.5824413e+02   2.6793004e+02
   2.2330000e+03   3.6124538e+02   2.7570956e+02
   2.2410000e+03   3.6853396e+02   2.8006811e+02
   2.2490000e+03   3.6801033e+02   2.8436823e+02
   2.2570000e+03   3.6867825e+02   2.8482242e+02
   2.2650000e+03   3.6905884e+02   2.8551830e+02
   2.2730000e+03   3.6858247e+02   2.8506411e+02
   2.2810000e+03   3.6896307e+02   2.8563915e+02
   2.2890000e+03   3.6924914e+02   2.8588084e+02
   2.2970000e+03   3.6572300e+02   2.7970557e+02
   2.3050000e+03   3.6167449e+02   2.6908010e+02
   2.3130000e+03   3.5691080e+02   2.6472156e+02
   2.3210000e+03   3.5300407e+02   2.6048386e+02
   2.3290000e+03   3.4805008e+02   2.6257149e+02
   2.3370000e+03   3.5376651e+02   2.6553828e+02
   2.3450000e+03   3.5933991e+02   2.7104689e+02
   2.3530000e+03   3.6257872e+02   2.7858472e+02
   2.3610000e+03   3.6867700e+02   2.8279320e+02
   2.3690000e+03   3.6986854e+02   2.8597248e+02
   2.3770000e+03   3.6834366e+02   2.8282242e+02
   2.3850000e+03   3.6419937e+02   2.7683041e+02
   2.3930000e+03   3.5862598e+02   2.7056350e+02
   2.4010000e+03   3.5371925e+02   2.6874677e+02
   2.4090000e+03   3.5157621e+02   2.6493404e+02
   2.4170000e+03   3.5167074e+02   2.6369234e+02
   2.4250000e+03   3.5505258e+02   2.6396325e+02
   2.4330000e+03   3.5533865e+02   2.6541744e+02
   2.4410000e+03   3.5600532e+02   2.6487162e+02
   2.4490000e+03   3.5738717e+02   2.6838423e+02
   2.4570000e+03   3.6086479e+02   2.7625538e+02
   2.4650000e+03   3.6243693e+02   2.8161393e+02
   2.4730000e+03   3.6853396e+02   2.8315575e+02
   2.4810000e+03   3.6986854e+02   2.8485163e+02
   2.4890000e+03   3.7163099e+02   2.8497248e+02
   2.4970000e+03   3.6972551e+02   2.8688084e+02
   2.5050000e+03   3.6939218e+02   2.8621418e+02
   2.5130000e+03   3.7001158e+02   2.8563915e+02
   2.5210000e+03   3.6801033e+02   2.8382242e+02
   2.5290000e+03   3.6686729e+02   2.7683041e+02
   2.5370000e+03   3.6029264e+02   2.7286362e+02
   2.5450000e+03   3.5471925e+02   2.6817174e+02
   2.5530000e+03   3.5271925e+02   2.6538822e+02
   2.5610000e+03   3.5309984e+02   2.6311731e+02
   2.5690000e+03   3.5209859e+02   2.6426737e+02
   2.5770000e+03   3.5500532e+02   2.6496325e+02
   2.5850000e+03   3.5467199e+02   2.6814253e+02
   2.5930000e+03   3.5724413e+02   2.7250108e+02
   2.6010000e+03   3.6372300e+02   2.7800969e+02
   2.6090000e+03   3.7091581e+02   2.8243066e+02
   2.6170000e+03   3.7024914e+02   2.8470157e+02
   2.6250000e+03   3.7053521e+02   2.8518496e+02
   2.6330000e+03   3.7020188e+02   2.8630581e+02
   2.6410000e+03   3.7086854e+02   2.8642666e+02
   2.6490000e+03   3.7123382e+02   2.8527457e+02
   2.6570000e+03   3.6683057e+02   2.7884145e+02
   2.6650000e+03   3.6262723e+02   2.7362192e+02
   2.6730000e+03   3.5505258e+02   2.6829259e+02
   2.6810000e+03   3.5133740e+02   2.6242143e+02
   2.6890000e+03   3.5052770e+02   2.6175477e+02
   2.6970000e+03   3.4995556e+02   2.6393404e+02
   2.7050000e+03   3.5186103e+02   2.6644665e+02
   2.7130000e+03   3.5938717e+02   2.7047186e+02
   2.7210000e+03   3.6281753e+02   2.7628459e+02
   2.7290000e+03   3.6858122e+02   2.7991805e+02
   2.7370000e+03   3.6853396e+02   2.8255151e+02
   2.7450000e+03   3.6862973e+02   2.8415575e+02
   2.7530000e+03   3.7005884e+02   2.8494327e+02
   2.7610000e+03   3.7005884e+02   2.8563915e+02
   2.7690000e+03   3.7020188e+02   2.8654751e+02
   2.7770000e+03   3.7096432e+02   2.8721418e+02
   2.7850000e+03   3.7121559e+02   2.8697498e+02
   2.7930000e+03   3.7072676e+02   2.8527660e+02
   2.8010000e+03   3.6839218e+02   2.7840544e+02
   2.8090000e+03   3.6095931e+02   2.7228859e+02
   2.8170000e+03   3.5724413e+02   2.6805089e+02
   2.8250000e+03   3.5319562e+02   2.6239222e+02
   2.8330000e+03   3.5233740e+02   2.5821295e+02
   2.8410000e+03   3.5186103e+02   2.5582119e+02
   2.8490000e+03   3.5024163e+02   2.5572955e+02
   2.8570000e+03   3.5138466e+02   2.5990883e+02
   2.8650000e+03   3.5371925e+02   2.6335901e+02
   2.8730000e+03   3.5710110e+02   2.6805089e+02
   2.8810000e+03   3.6105509e+02   2.7183441e+02
   2.8890000e+03   3.6281753e+02   2.7822217e+02
   2.8970000e+03   3.6839092e+02   2.7994726e+02
   2.9050000e+03   3.7058247e+02   2.8200569e+02
   2.9130000e+03   3.7134491e+02   2.8494327e+02
   2.9210000e+03   3.7082128e+02   2.8597248e+02
   2.9290000e+03   3.7053521e+02   2.8530581e+02
   2.9370000e+03   3.6972551e+02   2.8551830e+02
   2.9450000e+03   3.6705759e+02   2.7876799e+02
   2.9530000e+03   3.6124538e+02   2.7274277e+02
   2.9610000e+03   3.5529139e+02   2.6653828e+02
   2.9690000e+03   3.5167074e+02   2.6357149e+02
   2.9770000e+03   3.5638592e+02   2.6111731e+02
   2.9850000e+03   3.5600532e+02   2.6281319e+02
   2.9930000e+03   3.5481502e+02   2.6577998e+02
   3.0010000e+03   3.6186479e+02   2.7001768e+02
   3.0090000e+03   3.6367449e+02   2.7855550e+02
   3.0170000e+03   3.6481878e+02   2.8106811e+02
   3.0250000e+03   3.6977277e+02   2.8291405e+02
   3.0330000e+03   3.7105884e+02   2.8539745e+02
   3.0410000e+03   3.7296432e+02   2.8542666e+02
   3.0490000e+03   3.7034491e+02   2.8382242e+02
   3.0570000e+03   3.7020188e+02   2.8373078e+02
   3.0650000e+03   3.7177402e+02   2.8485163e+02
   3.0730000e+03   3.7067825e+02   2.8573078e+02
   3.0810000e+03   3.6567574e+02   2.7552629e+02
   3.0890000e+03   3.5981628e+02   2.7204689e+02
   3.0970000e+03   3.5438592e+02   2.6723416e+02
   3.1050000e+03   3.5162347e+02   2.6320895e+02
   3.1130000e+03   3.5095556e+02   2.6508410e+02
   3.1210000e+03   3.5314710e+02   2.6693004e+02
   3.1290000e+03   3.5700657e+02   2.6780919e+02
   3.1370000e+03   3.5905383e+02   2.7377199e+02
   3.1450000e+03   3.6815336e+02   2.7958472e+02
   3.1530000e+03   3.6691455e+02   2.8391405e+02
   3.1610000e+03   3.6910610e+02   2.8506411e+02
   3.1690000e+03   3.6815336e+02   2.8300569e+02
   3.1770000e+03   3.6200782e+02   2.7843466e+02
   3.1850000e+03   3.5891205e+02   2.7159271e+02
   3.1930000e+03   3.5452895e+02   2.6805089e+02
   3.2010000e+03   3.5519562e+02   2.6408410e+02
   3.2090000e+03   3.5286228e+02   2.6647586e+02
   3.2170000e+03   3.5643443e+02   2.6932180e+02
   3.2250000e+03   3.6072175e+02   2.7398447e+02
   3.2330000e+03   3.6386604e+02   2.7831381e+02
   3.2410000e+03   3.6677152e+02   2.8200569e+02
   3.2490000e+03   3.6986854e+02   2.8482242e+02
   3.2570000e+03   3.7067825e+02   2.8563915e+02
   3.2650000e+03   3.6596182e+02   2.8382242e+02
   3.2730000e+03   3.6248419e+02   2.7628459e+02
   3.2810000e+03   3.5995931e+02   2.7216774e+02
   3.2890000e+03   3.5800657e+02   2.6953429e+02
   3.2970000e+03   3.5924538e+02   2.7171356e+02
   3.3050000e+03   3.6362723e+02   2.7767635e+02
   3.3130000e+03   3.6786729e+02   2.8188484e+02
   3.3210000e+03   3.6924914e+02   2.8494327e+02
   3.3290000e+03   3.6877277e+02   2.8585163e+02
   3.3370000e+03   3.6877277e+02   2.8382242e+02
   3.3450000e+03   3.6372300e+02   2.7949308e+02
   3.3530000e+03   3.6029264e+02   2.7216774e+02
   3.3610000e+03   3.5824413e+02   2.6953429e+02
   3.3690000e+03   3.5805383e+02   2.7071356e+02
   3.3770000e+03   3.6005509e+02   2.7516375e+02
   3.3850000e+03   3.6591455e+02   2.8106811e+02
   3.3930000e+03   3.6777152e+02   2.8430581e+02
   3.4010000e+03   3.6915336e+02   2.8633502e+02
   3.4090000e+03   3.6639092e+02   2.8358072e+02
   3.4170000e+03   3.6327375e+02   2.7857763e+02
   3.4250000e+03   3.6405634e+02   2.7056350e+02
   3.4330000e+03   3.6105509e+02   2.6668835e+02
   3.4410000e+03   3.5995931e+02   2.6989683e+02
   3.4490000e+03   3.5853020e+02   2.7673878e+02
   3.4570000e+03   3.6372300e+02   2.8130981e+02
   3.4650000e+03   3.6767700e+02   2.8424739e+02
   3.4730000e+03   3.6896307e+02   2.8633502e+02
   3.4810000e+03   3.6901033e+02   2.8645587e+02
   3.4890000e+03   3.6457997e+02   2.8028060e+02
   3.4970000e+03   3.6167574e+02   2.7292605e+02
   3.5050000e+03   3.6053146e+02   2.6783841e+02
   3.5130000e+03   3.5914961e+02   2.7147186e+02
   3.5210000e+03   3.5905509e+02   2.7616375e+02
   3.5290000e+03   3.6772426e+02   2.8176399e+02
   3.5370000e+03   3.7053521e+02   2.8482242e+02
   3.5450000e+03   3.6972551e+02   2.8530581e+02
   3.5530000e+03   3.6972551e+02   2.8403490e+02
   3.5610000e+03   3.6424664e+02   2.7958472e+02
   3.5690000e+03   3.6391330e+02   2.7140944e+02
   3.5770000e+03   3.6019812e+02   2.6953429e+02
   3.5850000e+03   3.6114961e+02   2.7153029e+02
   3.5930000e+03   3.6391330e+02   2.7800969e+02
   3.6010000e+03   3.6748670e+02   2.8176399e+02
   3.6090000e+03   3.6958247e+02   2.8448908e+02
   3.6170000e+03   3.7034826e+02   2.8618520e+02
   3.6250000e+03   3.7067825e+02   2.8597248e+02
   3.6330000e+03   3.6515211e+02   2.8097648e+02
   3.6410000e+03   3.6572064e+02   2.7214916e+02
   3.6490000e+03   3.6177027e+02   2.6983841e+02
   3.6570000e+03   3.6019812e+02   2.7113853e+02
   3.6650000e+03   3.5991205e+02   2.7655550e+02
   3.6730000e+03   3.6767700e+02   2.8188484e+02
   3.6810000e+03   3.6972551e+02   2.8439745e+02
   3.6890000e+03   3.6982128e+02   2.8573078e+02
   3.6970000e+03   3.6639092e+02   2.8082641e+02
   3.7050000e+03   3.6262723e+02   2.7583041e+02
   3.7130000e+03   3.5819687e+02   2.7238023e+02
   3.7210000e+03   3.5900657e+02   2.6656750e+02
   3.7290000e+03   3.5691080e+02   2.7195526e+02
   3.7370000e+03   3.6072175e+02   2.7525538e+02
   3.7450000e+03   3.6357997e+02   2.8049308e+02
   3.7530000e+03   3.6762973e+02   2.8370157e+02
   3.7610000e+03   3.7024914e+02   2.8539745e+02
   3.7690000e+03   3.6672426e+02   2.8300569e+02
   3.7770000e+03   3.6362723e+02   2.7607211e+02
   3.7850000e+03   3.5986479e+02   2.7089683e+02
   3.7930000e+03   3.5753020e+02   2.6965514e+02
   3.8010000e+03   3.5810110e+02   2.7174277e+02
   3.8090000e+03   3.6010235e+02   2.7755550e+02
   3.8170000e+03   3.6753396e+02   2.8200569e+02
   3.8250000e+03   3.7005884e+02   2.8542666e+02
   3.8330000e+03   3.6696307e+02   2.8030981e+02
   3.8410000e+03   3.6405634e+02   2.7468035e+02
   3.8490000e+03   3.6010235e+02   2.7008010e+02
   3.8570000e+03   3.5938842e+02   2.6908010e+02
   3.8650000e+03   3.6181753e+02   2.7661793e+02
   3.8730000e+03   3.6720063e+02   2.8143066e+02
   3.8810000e+03   3.6943944e+02   2.8485163e+02
   3.8890000e+03   3.7058372e+02   2.8527660e+02
   3.8970000e+03   3.6739092e+02   2.8115975e+02
   3.9050000e+03   3.6238967e+02   2.7307611e+02
   3.9130000e+03   3.5672050e+02   2.7047186e+02
   3.9210000e+03   3.5653020e+02   2.7225938e+02
   3.9290000e+03   3.6010235e+02   2.7573878e+02
   3.9370000e+03   3.6481878e+02   2.7949308e+02
   3.9450000e+03   3.6815336e+02   2.8379320e+02
   3.9530000e+03   3.6862973e+02   2.8588084e+02
   3.9610000e+03   3.7163099e+02   2.8530581e+02
   3.9690000e+03   3.6534241e+02   2.8106811e+02
   3.9770000e+03   3.6243693e+02   2.7192605e+02
   3.9850000e+03   3.5995931e+02   2.7010932e+02
   3.9930000e+03   3.5981628e+02   2.7240944e+02
   4.0010000e+03   3.6215086e+02   2.7685962e+02
   4.0090000e+03   3.6853396e+02   2.8176399e+02
   4.0170000e+03   3.7067825e+02   2.8439745e+02
   4.0250000e+03   3.7015462e+02   2.8551830e+02
   4.0330000e+03   3.6886854e+02   2.8355151e+02
   4.0410000e+03   3.6457997e+02   2.7755550e+02
   4.0490000e+03   3.6091205e+02   2.7228859e+02
   4.0570000e+03   3.6005509e+02   2.7271356e+02
   4.0650000e+03   3.6181753e+02   2.7595126e+02
   4.0730000e+03   3.6610485e+02   2.7982641e+02
   4.0810000e+03   3.6972551e+02   2.8267236e+02
   4.0890000e+03   3.7052945e+02   2.8403270e+02
   4.0970000e+03   3.6677152e+02   2.8197648e+02
   4.1050000e+03   3.6329390e+02   2.7604290e+02
   4.1130000e+03   3.6014961e+02   2.7401368e+02
   4.1210000e+03   3.6062598e+02   2.7740544e+02
   4.1290000e+03   3.6562848e+02   2.8106811e+02
   4.1370000e+03   3.6829640e+02   2.8312654e+02
   4.1450000e+03   3.6815336e+02   2.8427660e+02
   4.1530000e+03   3.6626249e+02   2.8154686e+02
   4.1610000e+03   3.6188279e+02   2.7787949e+02
   4.1690000e+03   3.6116761e+02   2.7251397e+02
   4.1770000e+03   3.6029139e+02   2.7353029e+02
   4.1850000e+03   3.6003538e+02   2.7718361e+02
   4.1930000e+03   3.6424664e+02   2.8073478e+02
   4.2010000e+03   3.6891581e+02   2.8382242e+02
   4.2090000e+03   3.6991581e+02   2.8509333e+02
   4.2170000e+03   3.7079560e+02   2.8475988e+02
   4.2250000e+03   3.6696182e+02   2.8106811e+02
   4.2330000e+03   3.6386604e+02   2.7298447e+02
   4.2410000e+03   3.6029264e+02   2.7047186e+02
   4.2490000e+03   3.5886354e+02   2.7068435e+02
   4.2570000e+03   3.5995931e+02   2.7607211e+02
   4.2650000e+03   3.6524664e+02   2.7891805e+02
   4.2730000e+03   3.6848670e+02   2.8236823e+02
   4.2810000e+03   3.7201158e+02   2.8451830e+02
   4.2890000e+03   3.7129765e+02   2.8597248e+02
   4.2970000e+03   3.7077402e+02   2.8609333e+02
   4.3050000e+03   3.6882003e+02   2.8288484e+02
   4.3130000e+03   3.6534241e+02   2.7822217e+02
   4.3210000e+03   3.5853020e+02   2.7213853e+02
   4.3290000e+03   3.5648169e+02   2.6817174e+02
   4.3370000e+03   3.5281377e+02   2.6702168e+02
   4.3450000e+03   3.5248044e+02   2.6232980e+02
   4.3530000e+03   3.5109859e+02   2.6396325e+02
   4.3610000e+03   3.5710110e+02   2.6614253e+02
   4.3690000e+03   3.5886354e+02   2.7035101e+02
   4.3770000e+03   3.6014961e+02   2.7458871e+02
   4.3850000e+03   3.6691455e+02   2.8015975e+02
   4.3930000e+03   3.7137685e+02   2.8263867e+02
   4.4010000e+03   3.7039218e+02   2.8439745e+02
   4.4090000e+03   3.7053521e+02   2.8663915e+02
   4.4170000e+03   3.7053521e+02   2.8654751e+02
   4.4250000e+03   3.7263099e+02   2.8642666e+02
   4.4330000e+03   3.6650131e+02   2.8191149e+02
   4.4410000e+03   3.6405634e+02   2.7201768e+02
   4.4490000e+03   3.5976901e+02   2.6826338e+02
   4.4570000e+03   3.5929264e+02   2.6714253e+02
   4.4650000e+03   3.5976901e+02   2.6835501e+02
   4.4730000e+03   3.5849228e+02   2.7399981e+02
   4.4810000e+03   3.6477152e+02   2.7903890e+02
   4.4890000e+03   3.7005884e+02   2.8358072e+02
   4.4970000e+03   3.7053521e+02   2.8506411e+02
   4.5050000e+03   3.6643818e+02   2.8209732e+02
   4.5130000e+03   3.6215086e+02   2.7570956e+02
   4.5210000e+03   3.5710110e+02   2.7010932e+02
   4.5290000e+03   3.5681502e+02   2.6932180e+02
   4.5370000e+03   3.6043568e+02   2.7707211e+02
   4.5450000e+03   3.6624789e+02   2.8094726e+02
   4.5530000e+03   3.6658122e+02   2.8427660e+02
   4.5610000e+03   3.6867700e+02   2.8654751e+02
   4.5690000e+03   3.6862973e+02   2.8436823e+02
   4.5770000e+03   3.6553271e+02   2.8003890e+02
   4.5850000e+03   3.6453271e+02   2.7410532e+02
   4.5930000e+03   3.6296056e+02   2.7365114e+02
   4.6010000e+03   3.6372300e+02   2.7685962e+02
   4.6090000e+03   3.6467574e+02   2.7925138e+02
   4.6170000e+03   3.7020188e+02   2.8209732e+02
   4.6250000e+03   3.7034491e+02   2.8482242e+02
   4.6330000e+03   3.7129765e+02   2.8654751e+02
   4.6410000e+03   3.6805759e+02   2.8315575e+02
   4.6490000e+03   3.6310360e+02   2.7913054e+02
   4.6570000e+03   3.6348419e+02   2.7319696e+02
   4.6650000e+03   3.6043568e+02   2.6989683e+02
   4.6730000e+03   3.5976901e+02   2.7253029e+02
   4.6810000e+03   3.6334116e+02   2.7867635e+02
   4.6890000e+03   3.6772426e+02   2.8233902e+02
   4.6970000e+03   3.6777152e+02   2.8406411e+02
   4.7050000e+03   3.6519937e+02   2.8197648e+02
   4.7130000e+03   3.6105509e+02   2.7513453e+02
   4.7210000e+03   3.5991205e+02   2.6941344e+02
   4.7290000e+03   3.5833991e+02   2.7135101e+02
   4.7370000e+03   3.5895931e+02   2.7558871e+02
   4.7450000e+03   3.6329515e+02   2.7888884e+02
   4.7530000e+03   3.6553396e+02   2.8128060e+02
   4.7610000e+03   3.6767700e+02   2.8473078e+02
   4.7690000e+03   3.6691455e+02   2.8052229e+02
   4.7770000e+03   3.6443818e+02   2.7477199e+02
   4.7850000e+03   3.5819687e+02   2.6817174e+02
   4.7930000e+03   3.5767324e+02   2.6677998e+02
   4.8010000e+03   3.5867324e+02   2.7353029e+02
   4.8090000e+03   3.6396056e+02   2.7937223e+02
   4.8170000e+03   3.6929640e+02   2.8267236e+02
   4.8250000e+03   3.7067825e+02   2.8551830e+02
   4.8330000e+03   3.6829640e+02   2.8279320e+02
   4.8410000e+03   3.6486604e+02   2.7752629e+02
   4.8490000e+03   3.6224664e+02   2.7135101e+02
   4.8570000e+03   3.5948294e+02   2.6989683e+02
