   1.0000000e+00   2.7068758e+02   1.8721694e+02
   1.1000000e+01   2.8317144e+02   1.9188587e+02
   2.1000000e+01   2.9800930e+02   2.0089097e+02
   3.1000000e+01   3.0344591e+02   2.0155820e+02
   4.1000000e+01   2.9936328e+02   2.0133560e+02
   5.1000000e+01   2.8509476e+02   1.9499887e+02
   6.1000000e+01   2.7104157e+02   1.8832824e+02
   7.1000000e+01   2.7804751e+02   1.8999604e+02
   8.1000000e+01   2.8884405e+02   1.9522090e+02
   9.1000000e+01   2.9848128e+02   1.9966780e+02
   1.0100000e+02   2.9822463e+02   2.0089097e+02
   1.1100000e+02   2.8644875e+02   1.9577683e+02
   1.2100000e+02   2.7296489e+02   1.8999604e+02
   1.3100000e+02   2.7353421e+02   1.8888417e+02
   1.4100000e+02   2.8599742e+02   1.9333107e+02
   1.5100000e+02   2.9221869e+02   1.9633277e+02
   1.6100000e+02   2.9855797e+02   1.9977967e+02
   1.7100000e+02   3.0185593e+02   2.0278080e+02
   1.8100000e+02   2.9641931e+02   2.0100227e+02
   1.9100000e+02   2.8587942e+02   1.9566610e+02
   2.0100000e+02   2.7443687e+02   1.9088530e+02
   2.1100000e+02   2.8146347e+02   1.9010677e+02
   2.2100000e+02   2.9302401e+02   1.9611073e+02
   2.3100000e+02   2.9800930e+02   1.9877910e+02
   2.4100000e+02   2.9822463e+02   2.0055763e+02
   2.5100000e+02   2.8680274e+02   1.9644407e+02
   2.6100000e+02   2.7692951e+02   1.9099660e+02
   2.7100000e+02   2.7954015e+02   1.9221920e+02
   2.8100000e+02   2.8894139e+02   1.9499887e+02
   2.9100000e+02   2.9641931e+02   1.9955707e+02
   3.0100000e+02   2.9280868e+02   1.9933447e+02
   3.1100000e+02   2.8124813e+02   1.9344237e+02
   3.2100000e+02   2.7204157e+02   1.8910677e+02
   3.3100000e+02   2.8134547e+02   1.9044067e+02
   3.4100000e+02   2.9290602e+02   1.9688870e+02
   3.5100000e+02   2.9891195e+02   1.9922317e+02
   3.6100000e+02   2.9800930e+02   2.0000170e+02
   3.7100000e+02   2.8678208e+02   1.9588813e+02
   3.8100000e+02   2.7636019e+02   1.9088530e+02
   3.9100000e+02   2.8283811e+02   1.9244180e+02
   4.0100000e+02   2.9608598e+02   1.9755593e+02
   4.1100000e+02   3.0482055e+02   2.0378137e+02
   4.2100000e+02   3.0266124e+02   2.0278080e+02
   4.3100000e+02   2.9164937e+02   1.9800000e+02
   4.4100000e+02   2.8089414e+02   1.9299773e+02
   4.5100000e+02   2.9200336e+02   1.9588813e+02
   4.6100000e+02   3.0275859e+02   2.0333673e+02
   4.7100000e+02   3.0332791e+02   2.0355877e+02
   4.8100000e+02   2.9755797e+02   2.0077967e+02
   4.9100000e+02   2.8442809e+02   1.9477627e+02
   5.0100000e+02   2.8725407e+02   1.9410903e+02
   5.1100000e+02   2.9948128e+02   1.9977910e+02
   5.2100000e+02   3.0242525e+02   2.0189153e+02
   5.3100000e+02   3.0083527e+02   2.0211357e+02
   5.4100000e+02   2.8917738e+02   1.9633277e+02
   5.5100000e+02   2.7749884e+02   1.9277513e+02
   5.6100000e+02   2.8837206e+02   1.9344237e+02
   5.7100000e+02   2.9948128e+02   1.9900113e+02
   5.8100000e+02   3.0309192e+02   2.0133560e+02
   5.9100000e+02   2.9732197e+02   2.0022373e+02
   6.0100000e+02   2.8272011e+02   1.9433163e+02
   6.1100000e+02   2.7341621e+02   1.8955084e+02
   6.2100000e+02   2.8362277e+02   1.9277513e+02
   6.3100000e+02   2.9665531e+02   1.9788927e+02
   6.4100000e+02   3.0073793e+02   2.0066837e+02
   6.5100000e+02   2.9741931e+02   1.9977910e+02
   6.6100000e+02   2.8350478e+02   1.9433163e+02
   6.7100000e+02   2.8744875e+02   1.9399773e+02
   6.8100000e+02   2.9278802e+02   1.9388700e+02
   6.9100000e+02   2.9257268e+02   1.9510960e+02
   7.0100000e+02   3.0209192e+02   2.0111357e+02
   7.1100000e+02   3.0729254e+02   2.0444860e+02
   7.2100000e+02   3.0152259e+02   2.0278080e+02
   7.3100000e+02   2.9176736e+02   1.9677740e+02
   7.4100000e+02   2.9608598e+02   1.9900057e+02
   7.5100000e+02   3.0501523e+02   2.0378137e+02
   7.6100000e+02   3.0788252e+02   2.0544916e+02
   7.7100000e+02   2.9743997e+02   2.0144690e+02
   7.8100000e+02   2.8690008e+02   1.9499887e+02
   7.9100000e+02   2.7702685e+02   1.9066327e+02
   8.0100000e+02   2.8872605e+02   1.9433163e+02
   8.1100000e+02   3.0185593e+02   2.0122430e+02
   8.2100000e+02   3.0334857e+02   2.0278080e+02
   8.3100000e+02   2.9665531e+02   1.9988983e+02
   8.4100000e+02   2.8495611e+02   1.9444293e+02
   8.5100000e+02   2.8079680e+02   1.9110734e+02
   8.6100000e+02   2.9247534e+02   1.9599943e+02
   8.7100000e+02   3.0116860e+02   2.0033503e+02
   8.8100000e+02   3.0311257e+02   2.0244747e+02
   8.9100000e+02   2.9392667e+02   1.9888983e+02
   9.0100000e+02   2.7942215e+02   1.9288643e+02
   9.1100000e+02   2.7977614e+02   1.9099604e+02
   9.2100000e+02   2.9245469e+02   1.9611073e+02
   9.3100000e+02   2.9720398e+02   1.9877853e+02
   9.4100000e+02   2.9584999e+02   1.9855650e+02
   9.5100000e+02   2.8519210e+02   1.9399830e+02
   9.6100000e+02   2.7669352e+02   1.9055140e+02
   9.7100000e+02   2.8587942e+02   1.9344237e+02
   9.8100000e+02   2.9404467e+02   1.9744463e+02
   9.9100000e+02   2.9948128e+02   2.0089040e+02
   1.0010000e+03   2.9812729e+02   1.9966837e+02
   1.0110000e+03   2.9098270e+02   1.9644407e+02
   1.0210000e+03   2.7875549e+02   1.9288643e+02
   1.0310000e+03   2.7170824e+02   1.8832824e+02
   1.0410000e+03   2.6513297e+02   1.8588247e+02
   1.0510000e+03   2.7738084e+02   1.8766100e+02
   1.0610000e+03   2.9076736e+02   1.9566553e+02
   1.0710000e+03   3.0130726e+02   2.0022373e+02
   1.0810000e+03   2.9698864e+02   1.9866723e+02
   1.0910000e+03   2.8089414e+02   1.9277513e+02
   1.1010000e+03   2.6966692e+02   1.8699434e+02
   1.1110000e+03   2.6095301e+02   1.8377060e+02
   1.1210000e+03   2.7443687e+02   1.8677174e+02
   1.1310000e+03   2.8749006e+02   1.9299717e+02
   1.1410000e+03   2.9926594e+02   2.0022317e+02
   1.1510000e+03   3.0118926e+02   2.0066837e+02
   1.1610000e+03   2.9041337e+02   1.9677740e+02
   1.1710000e+03   2.7749884e+02   1.9110790e+02
   1.1810000e+03   2.6797960e+02   1.8788360e+02
   1.1910000e+03   2.7579086e+02   1.8899547e+02
   1.2010000e+03   2.8905939e+02   1.9344237e+02
   1.2110000e+03   3.0254325e+02   2.0111300e+02
   1.2210000e+03   3.0527188e+02   2.0378137e+02
   1.2310000e+03   2.9539866e+02   1.9900113e+02
   1.2410000e+03   2.8438678e+02   1.9377570e+02
   1.2510000e+03   2.8056081e+02   1.9255253e+02
   1.2610000e+03   2.9088536e+02   1.9644407e+02
   1.2710000e+03   3.0389724e+02   2.0311413e+02
   1.2810000e+03   3.0582055e+02   2.0433730e+02
   1.2910000e+03   2.9765531e+02   2.0011243e+02
   1.3010000e+03   2.8428944e+02   1.9444293e+02
   1.3110000e+03   2.7579086e+02   1.9044010e+02
   1.3210000e+03   2.8419210e+02   1.9288643e+02
   1.3310000e+03   2.9326001e+02   1.9722203e+02
   1.3410000e+03   3.0401523e+02   2.0211357e+02
   1.3510000e+03   3.0240460e+02   2.0178023e+02
   1.3610000e+03   2.9086470e+02   1.9666667e+02
   1.3710000e+03   2.8010948e+02   1.9366440e+02
   1.3810000e+03   2.8213013e+02   1.9233050e+02
   1.3910000e+03   2.9402401e+02   1.9844520e+02
   1.4010000e+03   2.9936328e+02   2.0122430e+02
   1.4110000e+03   3.0061993e+02   2.0255820e+02
   1.4210000e+03   2.9221869e+02   1.9800057e+02
   1.4310000e+03   2.8780274e+02   1.9588813e+02
   1.4410000e+03   2.9528066e+02   1.9877853e+02
   1.4510000e+03   3.0140460e+02   2.0244747e+02
   1.4610000e+03   3.0503589e+02   2.0622713e+02
   1.4710000e+03   2.9608598e+02   2.0178023e+02
   1.4810000e+03   2.8929538e+02   1.9844520e+02
   1.4910000e+03   2.8984405e+02   1.9877853e+02
   1.5010000e+03   2.9608598e+02   1.9944577e+02
   1.5110000e+03   3.0005061e+02   2.0222487e+02
   1.5210000e+03   3.0071727e+02   2.0222487e+02
   1.5310000e+03   2.9912729e+02   2.0178023e+02
   1.5410000e+03   2.9969662e+02   2.0233617e+02
   1.5510000e+03   2.8894139e+02   1.9811187e+02
   1.5610000e+03   2.7714485e+02   1.9244237e+02
   1.5710000e+03   2.8032481e+02   1.9277513e+02
   1.5810000e+03   2.9143403e+02   1.9755593e+02
   1.5910000e+03   2.9584999e+02   2.0033503e+02
   1.6010000e+03   2.9369068e+02   2.0055707e+02
   1.6110000e+03   2.8317144e+02   1.9477683e+02
   1.6210000e+03   2.7420088e+02   1.9121863e+02
   1.6310000e+03   2.7263155e+02   1.8888417e+02
   1.6410000e+03   2.8509476e+02   1.9199660e+02
   1.6510000e+03   2.9575265e+02   1.9800057e+02
   1.6610000e+03   2.9834263e+02   2.0100227e+02
   1.6710000e+03   2.8849006e+02   1.9777797e+02
   1.6810000e+03   2.7716550e+02   1.9199717e+02
   1.6910000e+03   2.6933359e+02   1.8866157e+02
   1.7010000e+03   2.7691488e+02   1.9009824e+02
   1.7110000e+03   2.8633075e+02   1.9333107e+02
   1.7210000e+03   2.9551665e+02   1.9855650e+02
   1.7310000e+03   3.0048128e+02   2.0022430e+02
   1.7410000e+03   2.9494733e+02   1.9933447e+02
   1.7510000e+03   2.8372011e+02   1.9466553e+02
   1.7610000e+03   2.7227756e+02   1.9077400e+02
   1.7710000e+03   2.7467286e+02   1.8977344e+02
   1.7810000e+03   2.8756674e+02   1.9410960e+02
   1.7910000e+03   2.9473199e+02   1.9788927e+02
   1.8010000e+03   2.9639866e+02   1.9844520e+02
   1.8110000e+03   2.8452543e+02   1.9577683e+02
   1.8210000e+03   2.7522153e+02   1.9066270e+02
   1.8310000e+03   2.8122747e+02   1.9132993e+02
   1.8410000e+03   2.9233669e+02   1.9544407e+02
   1.8510000e+03   3.0105061e+02   2.0033503e+02
   1.8610000e+03   2.9957862e+02   2.0011243e+02
   1.8710000e+03   2.9019804e+02   1.9722203e+02
   1.8810000e+03   2.7830416e+02   1.9266383e+02
   1.8910000e+03   2.8169946e+02   1.9155197e+02
   1.9010000e+03   2.9143403e+02   1.9544350e+02
   1.9110000e+03   3.0061993e+02   2.0011243e+02
   1.9210000e+03   3.0026594e+02   2.0000170e+02
   1.9310000e+03   2.9482933e+02   1.9755593e+02
   1.9410000e+03   2.8374077e+02   1.9477570e+02
   1.9510000e+03   2.9359334e+02   1.9588813e+02
   1.9610000e+03   3.0152259e+02   2.0122430e+02
   1.9710000e+03   3.0458456e+02   2.0211413e+02
   1.9810000e+03   3.0482055e+02   2.0200283e+02
   1.9910000e+03   2.9720398e+02   1.9944577e+02
   2.0010000e+03   2.8533075e+02   1.9499830e+02
   2.0110000e+03   2.8419268e+02   1.9243426e+02
   2.0210000e+03   2.9518332e+02   1.9644407e+02
   2.0310000e+03   3.0073793e+02   2.0055707e+02
   2.0410000e+03   3.0083527e+02   2.0066837e+02
   2.0510000e+03   2.8803873e+02   1.9599943e+02
   2.0610000e+03   2.7932481e+02   1.9110734e+02
   2.0710000e+03   2.8044281e+02   1.9077400e+02
   2.0810000e+03   2.9133669e+02   1.9455367e+02
   2.0910000e+03   3.0118926e+02   1.9989040e+02
   2.1010000e+03   2.9777330e+02   1.9866723e+02
   2.1110000e+03   2.8587942e+02   1.9566553e+02
   2.1210000e+03   2.7467286e+02   1.9032937e+02
   2.1310000e+03   2.7759618e+02   1.8943954e+02
   2.1410000e+03   2.8962871e+02   1.9344237e+02
   2.1510000e+03   2.9846062e+02   1.9788927e+02
   2.1610000e+03   2.8644875e+02   1.9455367e+02
   2.1710000e+03   2.7194423e+02   1.8899547e+02
   2.1810000e+03   2.7533953e+02   1.8877287e+02
   2.1910000e+03   2.8917738e+02   1.9399830e+02
   2.2010000e+03   2.9959928e+02   1.9977967e+02
   2.2110000e+03   3.0026594e+02   1.9933447e+02
   2.2210000e+03   2.8633075e+02   1.9466553e+02
   2.2310000e+03   2.7477020e+02   1.8932880e+02
   2.2410000e+03   2.6909760e+02   1.8710507e+02
   2.2510000e+03   2.8010948e+02   1.8877287e+02
   2.2610000e+03   2.9482933e+02   1.9688870e+02
   2.2710000e+03   2.9663465e+02   1.9744463e+02
   2.2810000e+03   2.8711541e+02   1.9466497e+02
   2.2910000e+03   2.7351356e+02   1.8877287e+02
   2.3010000e+03   2.6615363e+02   1.8465930e+02
   2.3110000e+03   2.7738084e+02   1.8799490e+02
   2.3210000e+03   2.9233669e+02   1.9444293e+02
   2.3310000e+03   2.9677330e+02   1.9744407e+02
   2.3410000e+03   2.8792073e+02   1.9499830e+02
   2.3510000e+03   2.7420088e+02   1.8955140e+02
   2.3610000e+03   2.7182623e+02   1.8621580e+02
   2.3710000e+03   2.8576143e+02   1.9199717e+02
   2.3810000e+03   3.0014795e+02   1.9777797e+02
   2.3910000e+03   2.9865531e+02   1.9811130e+02
   2.4010000e+03   2.8621275e+02   1.9366440e+02
   2.4110000e+03   2.7341621e+02   1.8943954e+02
   2.4210000e+03   2.7683217e+02   1.8743897e+02
   2.4310000e+03   2.8996204e+02   1.9355367e+02
   2.4410000e+03   2.9834263e+02   1.9744520e+02
   2.4510000e+03   2.9392667e+02   1.9644407e+02
   2.4610000e+03   2.7590886e+02   1.8999604e+02
   2.4710000e+03   2.6774361e+02   1.8532654e+02
   2.4810000e+03   2.7500620e+02   1.8710564e+02
   2.4910000e+03   2.8521275e+02   1.8999604e+02
   2.5010000e+03   2.9946062e+02   1.9855650e+02
   2.5110000e+03   2.9720398e+02   1.9844577e+02
   2.5210000e+03   2.8483811e+02   1.9277513e+02
   2.5310000e+03   2.7318022e+02   1.8832824e+02
   2.5410000e+03   2.8238678e+02   1.9077400e+02
   2.5510000e+03   2.9176736e+02   1.9477627e+02
   2.5610000e+03   2.9881461e+02   1.9844520e+02
   2.5710000e+03   2.9563465e+02   1.9733333e+02
   2.5810000e+03   2.8431010e+02   1.9310847e+02
   2.5910000e+03   2.7431887e+02   1.8932880e+02
   2.6010000e+03   2.7761683e+02   1.8877287e+02
   2.6110000e+03   2.9086470e+02   1.9322033e+02
   2.6210000e+03   2.9902995e+02   1.9855650e+02
   2.6310000e+03   3.0016860e+02   1.9888983e+02
   2.6410000e+03   2.8825407e+02   1.9477627e+02
   2.6510000e+03   2.7533953e+02   1.8955140e+02
   2.6610000e+03   2.7638084e+02   1.8877287e+02
   2.6710000e+03   2.9041337e+02   1.9377570e+02
   2.6810000e+03   3.0266124e+02   2.0144690e+02
   2.6910000e+03   3.0262977e+02   1.9962211e+02
   2.7010000e+03   2.8984405e+02   1.9611017e+02
   2.7110000e+03   2.7840150e+02   1.9066270e+02
   2.7210000e+03   2.7818616e+02   1.8766100e+02
   2.7310000e+03   2.8678208e+02   1.9255310e+02
   2.7410000e+03   2.9176736e+02   1.9544350e+02
   2.7510000e+03   2.9210070e+02   1.9599887e+02
   2.7610000e+03   2.7828350e+02   1.8921750e+02
   2.7710000e+03   2.7987348e+02   1.8755027e+02
   2.7810000e+03   2.8894139e+02   1.9244237e+02
   2.7910000e+03   2.9530132e+02   1.9655480e+02
   2.8010000e+03   2.9812729e+02   1.9744463e+02
   2.8110000e+03   2.9129538e+02   1.9388700e+02
   2.8210000e+03   2.8134547e+02   1.9044067e+02
   2.8310000e+03   2.8122747e+02   1.8799490e+02
   2.8410000e+03   2.9210070e+02   1.9477627e+02
   2.8510000e+03   3.0140460e+02   2.0044633e+02
   2.8610000e+03   2.9924529e+02   2.0022373e+02
   2.8710000e+03   2.8485877e+02   1.9410903e+02
   2.8810000e+03   2.7795017e+02   1.9144123e+02
   2.8910000e+03   2.8894139e+02   1.9422033e+02
   2.9010000e+03   3.0026594e+02   2.0011243e+02
   2.9110000e+03   3.0332791e+02   2.0178023e+02
   2.9210000e+03   3.0254325e+02   2.0122430e+02
   2.9310000e+03   2.9264937e+02   1.9888983e+02
   2.9410000e+03   2.7659618e+02   1.9255253e+02
   2.9510000e+03   2.7070824e+02   1.8755027e+02
   2.9610000e+03   2.8260212e+02   1.9210847e+02
   2.9710000e+03   2.9618332e+02   1.9844520e+02
   2.9810000e+03   3.0411257e+02   2.0222543e+02
   2.9910000e+03   2.9800930e+02   2.0066893e+02
   3.0010000e+03   2.8666408e+02   1.9577683e+02
   3.0110000e+03   2.7251356e+02   1.9132993e+02
   3.0210000e+03   2.6876427e+02   1.8688304e+02
   3.0310000e+03   2.7920682e+02   1.8921807e+02
   3.0410000e+03   2.9110070e+02   1.9622147e+02
   3.0510000e+03   3.0173793e+02   2.0066893e+02
   3.0610000e+03   2.9663465e+02   1.9911243e+02
   3.0710000e+03   2.8303279e+02   1.9366497e+02
   3.0810000e+03   2.7002091e+02   1.8877344e+02
   3.0910000e+03   2.7649884e+02   1.8932937e+02
   3.1010000e+03   2.9008004e+02   1.9522147e+02
   3.1110000e+03   2.9732197e+02   1.9911243e+02
   3.1210000e+03   2.9698864e+02   1.9900113e+02
   3.1310000e+03   2.8917738e+02   1.9544350e+02
   3.1410000e+03   2.8101214e+02   1.9210847e+02
   3.1510000e+03   2.8770540e+02   1.9333163e+02
   3.1610000e+03   2.9575265e+02   1.9822260e+02
   3.1710000e+03   3.0209192e+02   2.0089097e+02
   3.1810000e+03   2.9834263e+02   2.0078023e+02
   3.1910000e+03   2.8917738e+02   1.9633277e+02
   3.2010000e+03   2.7681152e+02   1.9255310e+02
   3.2110000e+03   2.8338678e+02   1.9166383e+02
   3.2210000e+03   2.9746062e+02   1.9977910e+02
   3.2310000e+03   3.0377924e+02   2.0244747e+02
   3.2410000e+03   2.9663465e+02   2.0022373e+02
   3.2510000e+03   2.8158146e+02   1.9633277e+02
   3.2610000e+03   2.7374955e+02   1.9121863e+02
   3.2710000e+03   2.8113013e+02   1.9266383e+02
   3.2810000e+03   2.8939272e+02   1.9455423e+02
   3.2910000e+03   3.0152259e+02   2.0022430e+02
   3.3010000e+03   3.0366124e+02   2.0200283e+02
   3.3110000e+03   2.9810664e+02   2.0133560e+02
   3.3210000e+03   2.8383811e+02   1.9588813e+02
   3.3310000e+03   2.7272889e+02   1.9110734e+02
   3.3410000e+03   2.6743093e+02   1.8866157e+02
   3.3510000e+03   2.7602685e+02   1.9021863e+02
   3.3610000e+03   2.9008004e+02   1.9522147e+02
   3.3710000e+03   3.0105061e+02   2.0144690e+02
   3.3810000e+03   3.0254325e+02   2.0278080e+02
   3.3910000e+03   2.9584999e+02   2.0033503e+02
   3.4010000e+03   2.8462277e+02   1.9466553e+02
   3.4110000e+03   2.7161090e+02   1.9088530e+02
   3.4210000e+03   2.6344565e+02   1.8643840e+02
   3.4310000e+03   2.7555487e+02   1.8877287e+02
   3.4410000e+03   2.8723341e+02   1.9477683e+02
   3.4510000e+03   2.9043403e+02   1.9700000e+02
   3.4610000e+03   2.8825407e+02   1.9688870e+02
   3.4710000e+03   2.7626285e+02   1.9166327e+02
   3.4810000e+03   2.6672295e+02   1.8755027e+02
