   1.0000000e+00   2.7083828e+02   2.1451872e+02
   2.0000000e+00   2.7276855e+02   2.1109709e+02
   1.2000000e+01   2.8392776e+02   1.9950453e+02
   1.5000000e+01   2.8548822e+02   1.9786480e+02
   2.5000000e+01   2.9231031e+02   1.8977112e+02
   2.9000000e+01   2.9553463e+02   1.8704023e+02
   4.3000000e+01   2.8856968e+02   1.9254034e+02
   6.3000000e+01   2.7461652e+02   2.1255907e+02
   7.5000000e+01   2.6842387e+02   2.1657732e+02
   8.1000000e+01   2.6685078e+02   2.2018523e+02
   1.0100000e+02   2.7317532e+02   2.1220116e+02
   1.2000000e+02   2.9398132e+02   1.9077713e+02
   1.3000000e+02   3.0158989e+02   1.8131554e+02
   1.4600000e+02   2.9792196e+02   1.8639182e+02
   1.4800000e+02   2.9489220e+02   1.8966089e+02
   1.4900000e+02   2.9386348e+02   1.8950821e+02
   1.5100000e+02   2.9263655e+02   1.9079930e+02
   1.5500000e+02   2.9008888e+02   1.9492818e+02
   1.6100000e+02   2.8520592e+02   1.9966845e+02
   1.6400000e+02   2.8312916e+02   2.0590511e+02
   1.7200000e+02   2.7810930e+02   2.1373570e+02
   1.8300000e+02   2.7180523e+02   2.1918500e+02
   1.8700000e+02   2.6997679e+02   2.2004554e+02
   1.9600000e+02   2.7101888e+02   2.1853019e+02
   2.0800000e+02   2.8259259e+02   2.0198329e+02
   2.4900000e+02   2.8291433e+02   1.9892535e+02
   2.6900000e+02   2.7355503e+02   2.1775794e+02
   2.9200000e+02   2.7470961e+02   2.1661705e+02
   3.0100000e+02   2.8218320e+02   2.0315244e+02
   3.1000000e+02   2.8667171e+02   1.9602054e+02
   3.3200000e+02   2.8715962e+02   1.9487480e+02
   3.4100000e+02   2.7837172e+02   2.0385128e+02
   3.4400000e+02   2.7432172e+02   2.0848364e+02
   3.5100000e+02   2.7243429e+02   2.1393275e+02
   3.6800000e+02   2.6744382e+02   2.2161988e+02
   3.7600000e+02   2.6708964e+02   2.2317326e+02
   3.8400000e+02   2.6936753e+02   2.2272574e+02
   3.9300000e+02   2.7326010e+02   2.1349903e+02
   4.0600000e+02   2.8351135e+02   2.0063027e+02
   4.0900000e+02   2.8533118e+02   1.9767174e+02
   4.1700000e+02   2.8806382e+02   1.9313457e+02
   4.1900000e+02   2.9028538e+02   1.9218193e+02
   4.2100000e+02   2.9172045e+02   1.9090034e+02
   4.2500000e+02   2.9056077e+02   1.9092259e+02
   4.3400000e+02   2.8643226e+02   1.9422577e+02
   4.3800000e+02   2.8078963e+02   2.0011438e+02
   4.4400000e+02   2.7723106e+02   2.0425585e+02
   4.4900000e+02   2.7648429e+02   2.0996787e+02
   4.5200000e+02   2.7445935e+02   2.1109709e+02
   4.7400000e+02   2.7080247e+02   2.1961182e+02
   4.9100000e+02   2.7817497e+02   2.1251837e+02
   4.9900000e+02   2.8672706e+02   2.0251252e+02
   5.1400000e+02   2.9716632e+02   1.8811228e+02
   5.2300000e+02   2.9759876e+02   1.8735651e+02
   5.4900000e+02   2.7823395e+02   2.1333131e+02
   5.5700000e+02   2.7309042e+02   2.1720322e+02
   5.5900000e+02   2.7192308e+02   2.1969434e+02
   5.6200000e+02   2.7042889e+02   2.2191589e+02
   5.6300000e+02   2.7109740e+02   2.2124151e+02
   5.6500000e+02   2.6905280e+02   2.2157046e+02
   5.7000000e+02   2.6842375e+02   2.2298484e+02
   5.9600000e+02   2.8151700e+02   2.0462352e+02
   6.2300000e+02   2.8774923e+02   1.9617484e+02
   6.3000000e+02   2.6909213e+02   2.2367457e+02
   6.4200000e+02   2.6771591e+02   2.3060411e+02
   6.5200000e+02   2.7763244e+02   2.0890407e+02
   6.5500000e+02   2.8102558e+02   2.0432570e+02
   6.6300000e+02   2.8489861e+02   1.9985837e+02
   6.7100000e+02   2.9056501e+02   1.9429407e+02
   6.8200000e+02   2.9121373e+02   1.9428139e+02
   7.4100000e+02   2.7860753e+02   2.1240093e+02
   7.4500000e+02   2.8369949e+02   2.0800922e+02
   7.4900000e+02   2.8886864e+02   2.0218174e+02
   7.5300000e+02   2.9309765e+02   1.9351802e+02
   7.7000000e+02   2.9535754e+02   1.9028624e+02
   7.7200000e+02   2.9337219e+02   1.9145038e+02
   7.7300000e+02   2.9166609e+02   1.9291190e+02
   7.7700000e+02   2.8727747e+02   1.9871267e+02
   7.8500000e+02   2.8104438e+02   2.0777294e+02
   7.8600000e+02   2.7941342e+02   2.0936643e+02
   7.8800000e+02   2.7939376e+02   2.1058775e+02
   7.9500000e+02   2.7708713e+02   2.1431298e+02
   7.9800000e+02   2.7569781e+02   2.1637159e+02
   8.0200000e+02   2.7347638e+02   2.1762783e+02
   8.0800000e+02   2.7446505e+02   2.1985349e+02
   8.1700000e+02   2.7322090e+02   2.2106112e+02
   8.3200000e+02   2.9148197e+02   1.9678550e+02
   8.3800000e+02   2.9396470e+02   1.9407755e+02
   8.6600000e+02   2.7584842e+02   2.2858596e+02
   8.8600000e+02   2.7137267e+02   2.4052054e+02
   8.9400000e+02   2.7774253e+02   2.2746019e+02
   8.9500000e+02   2.7972801e+02   2.2375821e+02
   9.0500000e+02   2.9252672e+02   2.0564221e+02
   9.0800000e+02   2.9726463e+02   2.0143089e+02
   9.0900000e+02   2.9851195e+02   2.0005298e+02
   9.2200000e+02   3.0701585e+02   1.8881848e+02
   9.3200000e+02   3.0185994e+02   1.9293186e+02
   9.4400000e+02   2.9036402e+02   2.0682860e+02
   9.5000000e+02   2.8495747e+02   2.1384065e+02
   9.6300000e+02   2.8034919e+02   2.2241019e+02
   9.7500000e+02   2.7888267e+02   2.2627267e+02
   1.0110000e+03   3.0035118e+02   1.9468747e+02
   1.0120000e+03   3.0197911e+02   1.9179344e+02
   1.0240000e+03   3.0009571e+02   1.9019794e+02
   1.0520000e+03   2.8409783e+02   2.1662054e+02
   1.0540000e+03   2.8316861e+02   2.1893166e+02
   1.0690000e+03   2.8002294e+02   2.2439345e+02
   1.0710000e+03   2.8043559e+02   2.2449442e+02
   1.0900000e+03   2.9429870e+02   2.0777674e+02
   1.0960000e+03   3.0009571e+02   2.0232057e+02
   1.1020000e+03   3.0412566e+02   1.9314034e+02
   1.1060000e+03   3.0719281e+02   1.9149488e+02
   1.1070000e+03   3.0917392e+02   1.8987011e+02
   1.1150000e+03   3.0298551e+02   1.9334298e+02
   1.1210000e+03   2.9870129e+02   2.0162441e+02
   1.1480000e+03   2.8147781e+02   2.2270349e+02
   1.1500000e+03   2.7984611e+02   2.2392790e+02
   1.1530000e+03   2.8144503e+02   2.2436046e+02
   1.1570000e+03   2.8303098e+02   2.2432360e+02
   1.1580000e+03   2.8332591e+02   2.2257070e+02
   1.1760000e+03   2.9457132e+02   2.0310818e+02
   1.1940000e+03   3.0107855e+02   1.9421620e+02
   1.2020000e+03   2.9514151e+02   1.9888039e+02
   1.2140000e+03   2.8143981e+02   2.1047550e+02
   1.2170000e+03   2.8261795e+02   2.1671701e+02
   1.2220000e+03   2.8092727e+02   2.2135895e+02
   1.2290000e+03   2.8092131e+02   2.2449452e+02
   1.2330000e+03   2.7923672e+02   2.2501333e+02
   1.2350000e+03   2.7894153e+02   2.2593105e+02
   1.2530000e+03   3.0999099e+02   1.8945705e+02
   1.2730000e+03   2.9651734e+02   2.0134837e+02
   1.2740000e+03   2.9518058e+02   2.0155411e+02
   1.2810000e+03   2.8670740e+02   2.1315092e+02
   1.3050000e+03   2.7874577e+02   2.2606538e+02
   1.3190000e+03   2.8136613e+02   2.2377779e+02
   1.3450000e+03   3.0274983e+02   1.9658321e+02
   1.3470000e+03   3.0343787e+02   1.9479538e+02
   1.3610000e+03   2.9938800e+02   1.9723802e+02
   1.3690000e+03   2.9136653e+02   2.1031907e+02
   1.4120000e+03   2.8027855e+02   2.2542480e+02
   1.4170000e+03   2.8599969e+02   2.1425481e+02
   1.4330000e+03   3.0113754e+02   1.9801027e+02
   1.4440000e+03   3.0451903e+02   1.9184608e+02
   1.4510000e+03   3.0247443e+02   1.9787748e+02
   1.4540000e+03   3.0466964e+02   2.0046065e+02
   1.4670000e+03   2.7259120e+02   2.4121449e+02
   1.4720000e+03   2.7011066e+02   2.4128562e+02
   1.4810000e+03   2.7854829e+02   2.2770662e+02
   1.4840000e+03   2.8499680e+02   2.1833135e+02
   1.5070000e+03   3.0567883e+02   1.9241569e+02
   1.5190000e+03   3.0718480e+02   1.9138387e+02
   1.5200000e+03   3.0636688e+02   1.9179581e+02
   1.5490000e+03   2.7982619e+02   2.2088073e+02
   1.5580000e+03   2.7597281e+02   2.2618438e+02
   1.5620000e+03   2.7726773e+02   2.2722186e+02
   1.5840000e+03   2.9907302e+02   2.0171914e+02
   1.6010000e+03   3.1141753e+02   1.8666014e+02
   1.6260000e+03   2.8684490e+02   2.1437224e+02
   1.6270000e+03   2.8544903e+02   2.1645410e+02
   1.6500000e+03   2.7736068e+02   2.2624957e+02
   1.6510000e+03   2.7862694e+02   2.2387721e+02
   1.6520000e+03   2.7858761e+02   2.2379779e+02
   1.6540000e+03   2.8005816e+02   2.2044535e+02
   1.6610000e+03   2.8556700e+02   2.1440717e+02
   1.6860000e+03   2.8708059e+02   2.1450814e+02
   1.6890000e+03   2.8419952e+02   2.1721589e+02
   1.6900000e+03   2.8432829e+02   2.1915965e+02
   1.6950000e+03   2.7874504e+02   2.2535186e+02
   1.6980000e+03   2.7803746e+02   2.2826891e+02
   1.7020000e+03   2.7601253e+02   2.2995888e+02
   1.7340000e+03   2.9691071e+02   2.0435484e+02
   1.7540000e+03   2.8173341e+02   2.2375709e+02
   1.7620000e+03   2.7437752e+02   2.3011373e+02
   1.7680000e+03   2.7643841e+02   2.3029248e+02
   1.7730000e+03   2.8179253e+02   2.2210205e+02
   1.7740000e+03   2.8438766e+02   2.2088073e+02
   1.7810000e+03   2.9038394e+02   2.1397345e+02
   1.7850000e+03   2.9626199e+02   2.0719248e+02
   1.7890000e+03   2.9410585e+02   2.0469503e+02
   1.8000000e+03   2.9590795e+02   2.0224383e+02
   1.8030000e+03   2.9547538e+02   2.0385128e+02
   1.8200000e+03   2.9246773e+02   2.0711953e+02
   1.8260000e+03   2.9214646e+02   2.0874364e+02
   1.8430000e+03   2.8997091e+02   2.1162290e+02
   1.8440000e+03   2.9048981e+02   2.1121348e+02
   1.8730000e+03   2.7418434e+02   2.3188569e+02
   1.8820000e+03   2.7764469e+02   2.2700535e+02
   1.9000000e+03   2.9698936e+02   2.0129120e+02
   1.9030000e+03   2.9331307e+02   2.0397449e+02
   1.9070000e+03   2.8753307e+02   2.0970496e+02
   1.9080000e+03   2.8525266e+02   2.1191384e+02
   1.9200000e+03   2.6976077e+02   2.3018996e+02
   1.9370000e+03   2.7906400e+02   2.2413318e+02
   1.9390000e+03   2.7672023e+02   2.2262407e+02
   1.9400000e+03   2.7758510e+02   2.2160539e+02
   1.9570000e+03   2.9073773e+02   2.0692647e+02
   2.0080000e+03   2.8230374e+02   2.1493186e+02
   2.0100000e+03   2.7896145e+02   2.1875128e+02
   2.0160000e+03   2.7482244e+02   2.2432955e+02
   2.0190000e+03   2.7557315e+02   2.2740953e+02
   2.0220000e+03   2.7718531e+02   2.2855872e+02
   2.0230000e+03   2.7504922e+02   2.2808275e+02
   2.0550000e+03   2.8052979e+02   2.1395949e+02
   2.0590000e+03   2.8168959e+02   2.0990550e+02
   2.0770000e+03   2.8945970e+02   1.9925693e+02
   2.0800000e+03   2.9056150e+02   1.9753240e+02
   2.0870000e+03   2.9215288e+02   1.9564325e+02
   2.0890000e+03   2.9409917e+02   1.9501069e+02
   2.0930000e+03   2.9537720e+02   1.9405806e+02
   2.1070000e+03   2.8635348e+02   2.0515511e+02
   2.1100000e+03   2.8426943e+02   2.0858841e+02
   2.1110000e+03   2.8538652e+02   2.0813562e+02
   2.1190000e+03   2.7931498e+02   2.1661224e+02
   2.1230000e+03   2.7605159e+02   2.2140655e+02
   2.1390000e+03   2.7500685e+02   2.2163445e+02
   2.1430000e+03   2.7941355e+02   2.1654620e+02
   2.1480000e+03   2.8529198e+02   2.0916069e+02
   2.1530000e+03   2.8891160e+02   2.0621767e+02
   2.1600000e+03   2.9393399e+02   2.0119139e+02
   2.1900000e+03   2.9280173e+02   2.0241465e+02
   2.1980000e+03   2.8554721e+02   2.0912577e+02
   2.2550000e+03   2.9488869e+02   2.0119868e+02
   2.2680000e+03   3.0201333e+02   1.9390794e+02
   2.2690000e+03   3.0141307e+02   1.9334298e+02
   2.2730000e+03   2.9734328e+02   1.9769399e+02
   2.2880000e+03   2.8315537e+02   2.1740546e+02
   2.2950000e+03   2.7868618e+02   2.2453891e+02
   2.3040000e+03   2.7331908e+02   2.3232321e+02
   2.3110000e+03   2.7136161e+02   2.3341220e+02
   2.3130000e+03   2.7019294e+02   2.3527519e+02
   2.3200000e+03   2.7695605e+02   2.2689636e+02
   2.3210000e+03   2.7831260e+02   2.2502601e+02
   2.3220000e+03   2.8038864e+02   2.2278364e+02
   2.3330000e+03   2.9146246e+02   2.0877611e+02
   2.3380000e+03   2.9502984e+02   2.0603031e+02
   2.3420000e+03   2.9854254e+02   2.0067131e+02
   2.3470000e+03   3.0143260e+02   1.9871267e+02
   2.3490000e+03   3.0039064e+02   1.9839639e+02
   2.3790000e+03   2.7696174e+02   2.2586693e+02
   2.3820000e+03   2.7375152e+02   2.2936434e+02
   2.3830000e+03   2.7503135e+02   2.2971709e+02
   2.3860000e+03   2.7267049e+02   2.3128806e+02
   2.4050000e+03   2.8263787e+02   2.1613782e+02
   2.4070000e+03   2.8409234e+02   2.1448968e+02
   2.4230000e+03   2.9579011e+02   2.0023182e+02
   2.4270000e+03   3.0092126e+02   1.9622244e+02
