   1.0000000e+00   2.8550020e+02   1.9747868e+02
   2.0000000e+00   2.8372762e+02   1.9902895e+02
   1.2000000e+01   2.7988720e+02   2.0200864e+02
   1.5000000e+01   2.7699108e+02   2.0474674e+02
   2.5000000e+01   2.8171271e+02   2.0249407e+02
   2.9000000e+01   2.8308025e+02   2.0086484e+02
   4.3000000e+01   2.9513970e+02   1.9183073e+02
   6.3000000e+01   2.8704986e+02   1.9707031e+02
   7.5000000e+01   2.7983476e+02   2.0431081e+02
   8.1000000e+01   2.7840498e+02   2.0644686e+02
   1.0100000e+02   2.8671218e+02   2.0121484e+02
   1.2000000e+02   2.9379416e+02   1.9140193e+02
   1.3000000e+02   2.8723333e+02   1.9839639e+02
   1.4600000e+02   2.7988401e+02   2.0996787e+02
   1.4800000e+02   2.8222380e+02   2.0837310e+02
   1.4900000e+02   2.8217145e+02   2.0759127e+02
   1.5100000e+02   2.8681405e+02   2.0343713e+02
   1.5500000e+02   2.9150261e+02   1.9652604e+02
   1.6100000e+02   2.9419280e+02   1.9720999e+02
   1.6400000e+02   2.9050336e+02   1.9865930e+02
   1.7200000e+02   2.8970060e+02   1.9982344e+02
   1.8300000e+02   2.8914368e+02   2.0168999e+02
   1.8700000e+02   2.8916660e+02   2.0194023e+02
   1.9600000e+02   2.8908131e+02   2.0244957e+02
   2.0800000e+02   2.8761694e+02   2.0451876e+02
   2.4900000e+02   2.8730586e+02   2.0538887e+02
   2.6900000e+02   2.8879315e+02   2.0608550e+02
   2.9200000e+02   2.8855733e+02   2.0727190e+02
   3.0100000e+02   2.8770788e+02   2.0815717e+02
   3.1000000e+02   2.9444238e+02   1.9969569e+02
   3.3200000e+02   3.0464157e+02   1.8652709e+02
   3.4100000e+02   2.9396336e+02   1.9787748e+02
   3.4400000e+02   2.9133555e+02   1.9929186e+02
   3.5100000e+02   2.9345879e+02   2.0116798e+02
   3.6800000e+02   2.9355059e+02   2.0176562e+02
   3.7600000e+02   2.9288533e+02   2.0250294e+02
   3.8400000e+02   2.9354421e+02   2.0326252e+02
   3.9300000e+02   2.9200080e+02   2.0356034e+02
   4.0600000e+02   2.9076073e+02   2.0437031e+02
   4.0900000e+02   2.9003824e+02   2.0409193e+02
   4.1700000e+02   2.9050987e+02   2.0435104e+02
   4.1900000e+02   2.9045114e+02   2.0488263e+02
   4.2100000e+02   2.8929785e+02   2.0626209e+02
   4.2500000e+02   2.8860968e+02   2.0623984e+02
   4.3400000e+02   2.8771512e+02   2.0643290e+02
   4.3800000e+02   2.8771512e+02   2.0788221e+02
   4.4400000e+02   2.8710585e+02   2.0895806e+02
   4.4900000e+02   2.8802984e+02   2.0754368e+02
   4.5200000e+02   2.8854731e+02   2.0750298e+02
   4.7400000e+02   3.0072282e+02   1.9117592e+02
   4.9100000e+02   2.9603426e+02   1.9499802e+02
   4.9900000e+02   2.9431390e+02   1.9734279e+02
   5.1400000e+02   2.9208911e+02   2.0181368e+02
   5.2300000e+02   2.8962169e+02   2.0188306e+02
   5.4900000e+02   2.8767612e+02   2.0526693e+02
   5.5700000e+02   2.8711223e+02   2.0710418e+02
   5.5900000e+02   2.8809671e+02   2.0660030e+02
   5.6200000e+02   2.8704986e+02   2.0535127e+02
   5.6300000e+02   2.8800433e+02   2.0605185e+02
   5.6500000e+02   2.9081045e+02   2.0507577e+02
   5.7000000e+02   2.8996140e+02   2.0692259e+02
   5.9600000e+02   2.8937950e+02   2.0602833e+02
   6.2300000e+02   2.8492941e+02   2.0914792e+02
   6.3000000e+02   2.9098514e+02   2.0329166e+02
   6.4200000e+02   3.0314412e+02   1.9127379e+02
   6.5200000e+02   3.0363229e+02   1.8971395e+02
   6.5500000e+02   3.0356992e+02   1.9018837e+02
   6.6300000e+02   2.9740781e+02   1.9466213e+02
   6.7100000e+02   2.9068332e+02   2.0012705e+02
   6.8200000e+02   2.8733151e+02   2.0583527e+02
   7.4100000e+02   3.0148626e+02   1.9205182e+02
   7.4500000e+02   2.9798680e+02   1.9284252e+02
   7.4900000e+02   2.9640971e+02   1.9542868e+02
   7.5300000e+02   2.9435986e+02   1.9591194e+02
   7.7000000e+02   2.9224023e+02   2.0276282e+02
   7.7200000e+02   2.9302297e+02   2.0295891e+02
   7.7300000e+02   2.9328170e+02   2.0418023e+02
   7.7700000e+02   2.9152553e+02   2.0389887e+02
   7.8500000e+02   2.8995768e+02   2.0527232e+02
   7.8600000e+02   2.8831787e+02   2.0564221e+02
   7.8800000e+02   2.8939094e+02   2.0508877e+02
   7.9500000e+02   2.9165678e+02   2.0035503e+02
   7.9800000e+02   2.9235134e+02   1.9766217e+02
   8.0200000e+02   2.9659118e+02   1.9381162e+02
   8.0800000e+02   3.0160084e+02   1.9028046e+02
   8.1700000e+02   3.0472321e+02   1.8657469e+02
   8.3200000e+02   2.9440570e+02   1.9679852e+02
   8.3800000e+02   2.9021532e+02   2.0005721e+02
   8.6600000e+02   2.8605725e+02   2.0495248e+02
   8.8600000e+02   2.9202319e+02   2.0006375e+02
   8.9400000e+02   3.0012645e+02   1.9240302e+02
   8.9500000e+02   3.0099259e+02   1.9140732e+02
   9.0500000e+02   3.0782630e+02   1.8675507e+02
   9.0800000e+02   3.0824818e+02   1.8509916e+02
   9.0900000e+02   3.0599122e+02   1.8590720e+02
   9.2200000e+02   2.9779044e+02   1.9506407e+02
   9.3200000e+02   2.9228245e+02   1.9909880e+02
   9.4400000e+02   2.9057224e+02   2.0241465e+02
   9.5000000e+02   2.8828206e+02   2.0331969e+02
   9.6300000e+02   2.8926111e+02   2.0268116e+02
   9.7500000e+02   3.0021825e+02   1.9363701e+02
   1.0110000e+03   2.9422584e+02   1.9952069e+02
   1.0120000e+03   2.9338353e+02   1.9869042e+02
   1.0240000e+03   2.9108333e+02   2.0224383e+02
   1.0520000e+03   2.9186307e+02   2.0426812e+02
   1.0540000e+03   2.9402948e+02   2.0103255e+02
   1.0690000e+03   3.0760823e+02   1.8871015e+02
   1.0710000e+03   3.0756878e+02   1.8810941e+02
   1.0900000e+03   3.0402105e+02   1.9100314e+02
   1.0960000e+03   3.0058519e+02   1.9307050e+02
   1.1020000e+03   2.9828415e+02   1.9505713e+02
   1.1060000e+03   2.9608010e+02   1.9646000e+02
   1.1070000e+03   2.9755603e+02   1.9700201e+02
   1.1150000e+03   2.9597189e+02   1.9900360e+02
   1.1210000e+03   2.9636188e+02   1.9762414e+02
   1.1480000e+03   2.9318352e+02   2.0103519e+02
   1.1500000e+03   2.9452679e+02   1.9982344e+02
   1.1530000e+03   2.9390099e+02   1.9882321e+02
   1.1570000e+03   2.9278568e+02   2.0195731e+02
   1.1580000e+03   2.9188609e+02   2.0188306e+02
   1.1760000e+03   2.9364877e+02   2.0038616e+02
   1.1940000e+03   2.9371114e+02   2.0340798e+02
   1.2020000e+03   2.9204583e+02   2.0601646e+02
   1.2140000e+03   3.0278234e+02   1.9083542e+02
   1.2170000e+03   3.0229553e+02   1.9051422e+02
   1.2220000e+03   2.9983279e+02   1.9275686e+02
   1.2290000e+03   2.9831062e+02   1.9391333e+02
   1.2330000e+03   2.9658116e+02   1.9552004e+02
   1.2350000e+03   2.9689588e+02   1.9532697e+02
   1.2530000e+03   2.9507733e+02   1.9705763e+02
   1.2730000e+03   2.9414114e+02   1.9872499e+02
   1.2740000e+03   2.9253480e+02   1.9973135e+02
   1.2810000e+03   2.9215133e+02   2.0118066e+02
   1.3050000e+03   2.9122096e+02   2.0202852e+02
   1.3190000e+03   3.0390756e+02   1.9086542e+02
   1.3450000e+03   2.9593244e+02   1.9421620e+02
   1.3470000e+03   2.9510025e+02   1.9553271e+02
   1.3610000e+03   2.9303957e+02   1.9698046e+02
   1.3690000e+03   2.9493332e+02   1.9689949e+02
   1.4120000e+03   2.9559689e+02   1.9870694e+02
   1.4170000e+03   2.9375698e+02   1.9902895e+02
   1.4330000e+03   2.9489373e+02   1.9965263e+02
   1.4440000e+03   2.9585917e+02   2.0007992e+02
   1.4510000e+03   2.9396988e+02   2.0020957e+02
   1.4540000e+03   2.9484152e+02   1.9998158e+02
   1.4670000e+03   2.9365880e+02   2.0136104e+02
   1.4720000e+03   2.9244313e+02   2.0168999e+02
   1.4810000e+03   2.9151914e+02   2.0347783e+02
   1.4840000e+03   2.9450752e+02   2.0022802e+02
   1.5070000e+03   3.0826851e+02   1.8605957e+02
   1.5190000e+03   3.1172851e+02   1.7877193e+02
   1.5200000e+03   3.1027703e+02   1.8011069e+02
   1.5490000e+03   2.9195148e+02   1.9948457e+02
   1.5580000e+03   2.9471765e+02   1.9947380e+02
   1.5620000e+03   2.9116470e+02   2.0090186e+02
   1.5840000e+03   3.0359284e+02   1.9110608e+02
   1.6010000e+03   3.0695466e+02   1.8841011e+02
   1.6260000e+03   2.9782625e+02   1.9629806e+02
   1.6270000e+03   2.9899350e+02   1.9697856e+02
   1.6500000e+03   2.9799011e+02   1.9833887e+02
   1.6510000e+03   2.9717753e+02   1.9781721e+02
   1.6520000e+03   2.9895662e+02   1.9638058e+02
   1.6540000e+03   2.9950458e+02   1.9661779e+02
   1.6610000e+03   2.9747571e+02   1.9825093e+02
   1.6860000e+03   2.9694171e+02   1.9994666e+02
   1.6890000e+03   2.9645495e+02   2.0026220e+02
   1.6900000e+03   2.9639118e+02   2.0070624e+02
   1.6950000e+03   2.9373406e+02   2.0109236e+02
   1.6980000e+03   2.9433043e+02   2.0010480e+02
   1.7020000e+03   2.9356699e+02   2.0047825e+02
   1.7340000e+03   3.0547729e+02   1.9139654e+02
   1.7540000e+03   3.1489671e+02   1.7970232e+02
   1.7620000e+03   3.1306528e+02   1.8077817e+02
   1.7680000e+03   3.1313416e+02   1.8339162e+02
   1.7730000e+03   3.1011262e+02   1.8563034e+02
   1.7740000e+03   3.0960153e+02   1.8580534e+02
   1.7810000e+03   3.0708578e+02   1.8820438e+02
   1.7850000e+03   3.0579486e+02   1.8928023e+02
   1.7890000e+03   3.0539485e+02   1.8930557e+02
   1.8000000e+03   3.0498559e+02   1.8897662e+02
   1.8030000e+03   3.0589304e+02   1.8920461e+02
   1.8200000e+03   3.0273773e+02   1.8963143e+02
   1.8260000e+03   3.0338645e+02   1.9036875e+02
   1.8430000e+03   3.0529029e+02   1.8908717e+02
   1.8440000e+03   3.0541138e+02   1.8928023e+02
   1.8730000e+03   3.0262940e+02   1.9312190e+02
   1.8820000e+03   3.0523430e+02   1.8948596e+02
   1.9000000e+03   3.0052675e+02   1.9391872e+02
   1.9030000e+03   3.0085496e+02   1.9524480e+02
   1.9070000e+03   2.9936952e+02   1.9511166e+02
   1.9080000e+03   2.9918190e+02   1.9625087e+02
   1.9200000e+03   3.0238242e+02   1.9368953e+02
   1.9370000e+03   3.0028700e+02   1.9654829e+02
   1.9390000e+03   2.9931718e+02   1.9765907e+02
   1.9400000e+03   2.9987803e+02   1.9718430e+02
   1.9570000e+03   3.1072957e+02   1.8137441e+02
   2.0080000e+03   3.0045407e+02   1.9098864e+02
   2.0100000e+03   2.9970045e+02   1.9139654e+02
   2.0160000e+03   2.9913371e+02   1.9120395e+02
   2.0190000e+03   2.9949427e+02   1.9050155e+02
   2.0220000e+03   2.9914991e+02   1.9199189e+02
   2.0230000e+03   2.9929426e+02   1.9215659e+02
   2.0550000e+03   3.1342453e+02   1.7272337e+02
   2.0590000e+03   3.0967415e+02   1.7612356e+02
   2.0770000e+03   2.9456703e+02   1.9330531e+02
   2.0800000e+03   2.9174792e+02   1.9506441e+02
   2.0870000e+03   2.9624716e+02   1.9092259e+02
   2.0890000e+03   3.0011356e+02   1.8693546e+02
   2.0930000e+03   3.0695453e+02   1.8188895e+02
   2.1070000e+03   3.1967057e+02   1.7081414e+02
   2.1100000e+03   3.1893140e+02   1.7059081e+02
   2.1110000e+03   3.1779037e+02   1.7212073e+02
   2.1190000e+03   3.0895861e+02   1.7792655e+02
   2.1230000e+03   3.0421213e+02   1.8426174e+02
   2.1390000e+03   2.9993626e+02   1.9140004e+02
   2.1430000e+03   2.9812443e+02   1.9298220e+02
   2.1480000e+03   2.9613244e+02   1.9376403e+02
   2.1530000e+03   2.9588660e+02   1.9446643e+02
   2.1600000e+03   2.9876664e+02   1.9220418e+02
   2.1900000e+03   2.9957591e+02   1.8494879e+02
   2.1980000e+03   2.9492681e+02   1.9140659e+02
   2.2680000e+03   3.0275414e+02   1.8509426e+02
   2.2690000e+03   3.0016957e+02   1.8640219e+02
   2.2880000e+03   2.9083097e+02   1.9515616e+02
   2.2950000e+03   2.8946478e+02   1.9580139e+02
   2.3040000e+03   2.9048224e+02   1.9584015e+02
   2.3110000e+03   2.9008407e+02   1.9695666e+02
   2.3130000e+03   2.9089334e+02   1.9636790e+02
   2.3200000e+03   2.9463500e+02   1.9181806e+02
   2.3210000e+03   2.9643618e+02   1.9043313e+02
   2.3220000e+03   2.9791154e+02   1.8827422e+02
   2.3330000e+03   3.0951360e+02   1.7746232e+02
   2.3380000e+03   3.1104430e+02   1.7617662e+02
   2.3420000e+03   3.0729301e+02   1.7830728e+02
   2.3470000e+03   3.0047047e+02   1.8305310e+02
   2.3490000e+03   2.9837027e+02   1.8589453e+02
   2.3790000e+03   3.1289277e+02   1.7733848e+02
   2.3820000e+03   3.1506378e+02   1.7520585e+02
   2.3830000e+03   3.1451841e+02   1.7540976e+02
   2.3860000e+03   3.1359290e+02   1.7388356e+02
   2.4050000e+03   2.9969427e+02   1.8180643e+02
   2.4070000e+03   2.9831793e+02   1.8301817e+02
   2.4230000e+03   2.8815495e+02   1.9293724e+02
   2.4270000e+03   2.8871788e+02   1.9521333e+02
