   1.0000000e+00   2.3814275e+02   1.4075960e+02
   2.0000000e+00   2.3801520e+02   1.4042162e+02
   1.2000000e+01   2.3332645e+02   1.4334337e+02
   1.5000000e+01   2.3036088e+02   1.4522585e+02
   2.5000000e+01   2.1753609e+02   1.4994948e+02
   2.9000000e+01   2.1624507e+02   1.5025199e+02
   4.3000000e+01   2.0738507e+02   1.5387505e+02
   6.3000000e+01   2.0536643e+02   1.5687078e+02
   7.5000000e+01   2.1054334e+02   1.5120765e+02
   8.1000000e+01   2.1525870e+02   1.4943160e+02
   1.0100000e+02   2.3657004e+02   1.4236539e+02
   1.2000000e+02   2.4236630e+02   1.4126481e+02
   1.3000000e+02   2.3443028e+02   1.3991641e+02
   1.4600000e+02   2.2175964e+02   1.4829857e+02
   1.4800000e+02   2.1851880e+02   1.4910629e+02
   1.4900000e+02   2.1874177e+02   1.4891323e+02
   1.5100000e+02   2.1708373e+02   1.4909362e+02
   1.5500000e+02   2.1579914e+02   1.4999811e+02
   1.6100000e+02   2.1379059e+02   1.5097912e+02
   1.6400000e+02   2.1168386e+02   1.5186081e+02
   1.7200000e+02   2.1011116e+02   1.5259758e+02
   1.8300000e+02   2.0995058e+02   1.5314130e+02
   1.8700000e+02   2.1278494e+02   1.5225961e+02
   1.9600000e+02   2.2088153e+02   1.4836952e+02
   2.0800000e+02   2.3556072e+02   1.4333373e+02
   2.4900000e+02   2.2619606e+02   1.4740421e+02
   2.6900000e+02   2.1322721e+02   1.5332169e+02
   2.9200000e+02   2.0933765e+02   1.5643651e+02
   3.0100000e+02   2.0862012e+02   1.5530348e+02
   3.1000000e+02   2.1701491e+02   1.5160645e+02
   3.3200000e+02   2.4144231e+02   1.4184703e+02
   3.4100000e+02   2.4642285e+02   1.4098813e+02
   3.4400000e+02   2.4455836e+02   1.4018041e+02
   3.5100000e+02   2.3738576e+02   1.4304390e+02
   3.6800000e+02   2.2188075e+02   1.5006196e+02
   3.7600000e+02   2.1655613e+02   1.5137792e+02
   3.8400000e+02   2.1309600e+02   1.5602455e+02
   3.9300000e+02   2.0990470e+02   1.5479524e+02
   4.0600000e+02   2.0816134e+02   1.5620797e+02
   4.0900000e+02   2.1153980e+02   1.5506228e+02
   4.1700000e+02   2.1959694e+02   1.4951824e+02
   4.1900000e+02   2.2233954e+02   1.4779033e+02
   4.2100000e+02   2.2363697e+02   1.4821193e+02
   4.2500000e+02   2.2910566e+02   1.4657066e+02
   4.3400000e+02   2.4005954e+02   1.4364588e+02
   4.3800000e+02   2.4283150e+02   1.4064051e+02
   4.4400000e+02   2.4659627e+02   1.3998735e+02
   4.4900000e+02   2.4830661e+02   1.3961390e+02
   4.5200000e+02   2.4955175e+02   1.3945631e+02
   4.7400000e+02   2.2621900e+02   1.4747515e+02
   4.9100000e+02   2.1786366e+02   1.5332169e+02
   4.9900000e+02   2.1381353e+02   1.5462498e+02
   5.1400000e+02   2.1120214e+02   1.5631742e+02
   5.2300000e+02   2.1512106e+02   1.5439644e+02
   5.4900000e+02   2.4319853e+02   1.4418959e+02
   5.5700000e+02   2.4771386e+02   1.4146090e+02
   5.5900000e+02   2.4905718e+02   1.4161849e+02
   5.6200000e+02   2.5093452e+02   1.4075960e+02
   5.6300000e+02   2.5007935e+02   1.4091719e+02
   5.6500000e+02   2.4908011e+02   1.4072413e+02
   5.7000000e+02   2.4547592e+02   1.4210139e+02
   5.9600000e+02   2.1710025e+02   1.5105006e+02
   6.2300000e+02   2.1176920e+02   1.5467615e+02
   6.3000000e+02   2.1137923e+02   1.5467615e+02
   6.4200000e+02   2.1928222e+02   1.5159378e+02
   6.5200000e+02   2.3334572e+02   1.4562815e+02
   6.5500000e+02   2.3630762e+02   1.4493952e+02
   6.6300000e+02   2.4419776e+02   1.4318881e+02
   6.7100000e+02   2.4988298e+02   1.4199194e+02
   6.8200000e+02   2.4649809e+02   1.4123237e+02
   7.4100000e+02   2.1318133e+02   1.5610156e+02
   7.4500000e+02   2.1120857e+02   1.5668074e+02
   7.4900000e+02   2.1143153e+02   1.5611423e+02
   7.5300000e+02   2.1316481e+02   1.5513322e+02
   7.7000000e+02   2.3256579e+02   1.4821193e+02
   7.7200000e+02   2.3542309e+02   1.4664161e+02
   7.7300000e+02   2.4012836e+02   1.4604975e+02
   7.7700000e+02   2.4163225e+02   1.4514526e+02
   7.8500000e+02   2.4825431e+02   1.4325976e+02
   7.8600000e+02   2.4888009e+02   1.4120702e+02
   7.8800000e+02   2.4899478e+02   1.4071145e+02
   7.9500000e+02   2.5279900e+02   1.4088172e+02
   7.9800000e+02   2.5185208e+02   1.4109758e+02
   8.0200000e+02   2.5131805e+02   1.4206289e+02
   8.0800000e+02   2.4589525e+02   1.4399653e+02
   8.1700000e+02   2.3853914e+02   1.4769356e+02
   8.3200000e+02   2.2475090e+02   1.5240452e+02
   8.3800000e+02   2.2156603e+02   1.5428700e+02
   8.6600000e+02   2.1548808e+02   1.5733087e+02
   8.8600000e+02   2.3364393e+02   1.5036143e+02
   8.9400000e+02   2.4439779e+02   1.4736571e+02
   8.9500000e+02   2.4517771e+02   1.4679920e+02
   9.0500000e+02   2.5667204e+02   1.4268057e+02
   9.0800000e+02   2.5679959e+02   1.4269325e+02
   9.0900000e+02   2.5863471e+02   1.4237807e+02
   9.2200000e+02   2.6110204e+02   1.4183435e+02
   9.3200000e+02   2.4530526e+02   1.4560535e+02
   9.4400000e+02   2.3463674e+02   1.5228241e+02
   9.5000000e+02   2.2839742e+02   1.5385864e+02
   9.6300000e+02   2.2353237e+02   1.5755941e+02
   9.7500000e+02   2.1861228e+02   1.5765063e+02
   1.0110000e+03   2.4052475e+02   1.4949242e+02
   1.0120000e+03   2.4243511e+02   1.4852711e+02
   1.0240000e+03   2.5460110e+02   1.4444396e+02
   1.0520000e+03   2.5293664e+02   1.4481741e+02
   1.0540000e+03   2.5153093e+02   1.4582121e+02
   1.0690000e+03   2.3417795e+02   1.5225961e+02
   1.0710000e+03   2.3081600e+02   1.5393634e+02
   1.0900000e+03   2.2168073e+02   1.5768152e+02
   1.0960000e+03   2.2052735e+02   1.5787459e+02
   1.1020000e+03   2.1935104e+02   1.5687380e+02
   1.1060000e+03   2.1921340e+02   1.5821256e+02
   1.1070000e+03   2.1832887e+02   1.5745299e+02
   1.1150000e+03   2.1853532e+02   1.5761058e+02
   1.1210000e+03   2.2388930e+02   1.5474710e+02
   1.1480000e+03   2.5196677e+02   1.4483008e+02
   1.1500000e+03   2.5501401e+02   1.4498767e+02
   1.1530000e+03   2.5776303e+02   1.4375533e+02
   1.1570000e+03   2.5926692e+02   1.4306670e+02
   1.1580000e+03   2.5927701e+02   1.4255845e+02
   1.1760000e+03   2.5106573e+02   1.4586936e+02
   1.1940000e+03   2.3229052e+02   1.5305466e+02
   1.2020000e+03   2.2611716e+02   1.5440911e+02
   1.2140000e+03   2.2244414e+02   1.5513322e+02
   1.2170000e+03   2.2114671e+02   1.5569973e+02
   1.2220000e+03   2.2094025e+02   1.5597944e+02
   1.2290000e+03   2.1851238e+02   1.5651048e+02
   1.2330000e+03   2.1869589e+02   1.5582185e+02
   1.2350000e+03   2.1867938e+02   1.5601491e+02
   1.2530000e+03   2.2662182e+02   1.5297103e+02
   1.2730000e+03   2.5661607e+02   1.4374265e+02
   1.2740000e+03   2.5735013e+02   1.4358506e+02
   1.2810000e+03   2.5989912e+02   1.4271604e+02
   1.3050000e+03   2.4430603e+02   1.4944427e+02
   1.3190000e+03   2.3062606e+02   1.5516869e+02
   1.3450000e+03   2.2462336e+02   1.5731820e+02
   1.3470000e+03   2.2377461e+02   1.5736634e+02
   1.3610000e+03   2.2241478e+02   1.5787459e+02
   1.3690000e+03   2.2531795e+02   1.5321527e+02
   1.4120000e+03   2.7130536e+02   1.3787332e+02
   1.4170000e+03   2.7216053e+02   1.3734228e+02
   1.4330000e+03   2.7340567e+02   1.3702710e+02
   1.4440000e+03   2.6077447e+02   1.4247484e+02
   1.4510000e+03   2.4936181e+02   1.4679920e+02
   1.4540000e+03   2.4505293e+02   1.4748783e+02
   1.4670000e+03   2.3497073e+02   1.5170322e+02
   1.4720000e+03   2.2866982e+02   1.5440911e+02
   1.4810000e+03   2.2701820e+02   1.5532628e+02
   1.4840000e+03   2.2576664e+02   1.5607318e+02
   1.5070000e+03   2.2442333e+02   1.5758523e+02
   1.5190000e+03   2.3353566e+02   1.5441924e+02
   1.5200000e+03   2.3524600e+02   1.5300651e+02
   1.5490000e+03   2.7063370e+02   1.4140008e+02
   1.5580000e+03   2.7228531e+02   1.3949178e+02
   1.5620000e+03   2.7151181e+02   1.4002282e+02
   1.5840000e+03   2.4149461e+02   1.5066394e+02
   1.6010000e+03   2.3173356e+02   1.5643651e+02
   1.6260000e+03   2.2370579e+02   1.5943223e+02
   1.6270000e+03   2.2573085e+02   1.5862451e+02
   1.6500000e+03   2.4700275e+02   1.5025502e+02
   1.6510000e+03   2.4774322e+02   1.5127860e+02
   1.6520000e+03   2.4938475e+02   1.5090515e+02
   1.6540000e+03   2.5460753e+02   1.4998798e+02
   1.6610000e+03   2.5864114e+02   1.4675105e+02
   1.6860000e+03   2.7537843e+02   1.4020321e+02
   1.6890000e+03   2.7184947e+02   1.4147103e+02
   1.6900000e+03   2.7094200e+02   1.4109758e+02
   1.6950000e+03   2.6375931e+02   1.4491370e+02
   1.6980000e+03   2.5958164e+02   1.4664161e+02
   1.7020000e+03   2.5487637e+02   1.4821193e+02
   1.7340000e+03   2.2619606e+02   1.5756243e+02
   1.7540000e+03   2.2222484e+02   1.5851507e+02
   1.7620000e+03   2.3154362e+02   1.5847960e+02
   1.7680000e+03   2.4014487e+02   1.5583452e+02
   1.7730000e+03   2.4506302e+02   1.5309013e+02
   1.7740000e+03   2.4707157e+02   1.5194443e+02
   1.7810000e+03   2.5865765e+02   1.4729476e+02
   1.7850000e+03   2.6299590e+02   1.4609789e+02
   1.7890000e+03   2.6977853e+02   1.4464969e+02
   1.8000000e+03   2.8190873e+02   1.4172491e+02
   1.8030000e+03   2.8236751e+02   1.4121667e+02
   1.8200000e+03   2.6839943e+02   1.4690561e+02
   1.8260000e+03   2.5631144e+02   1.5023932e+02
   1.8430000e+03   2.4284788e+02   1.5633540e+02
   1.8440000e+03   2.4201212e+02   1.5636556e+02
   1.8730000e+03   2.3931906e+02   1.6144950e+02
   1.8820000e+03   2.3752982e+02   1.6109885e+02
   1.9000000e+03   2.5529570e+02   1.4979492e+02
   1.9030000e+03   2.6372995e+02   1.4856258e+02
   1.9070000e+03   2.6803516e+02   1.4521620e+02
   1.9080000e+03   2.6948675e+02   1.4479460e+02
   1.9200000e+03   2.7937901e+02   1.4021588e+02
   1.9370000e+03   2.7885141e+02   1.4039627e+02
   1.9390000e+03   2.7483431e+02   1.4206289e+02
   1.9400000e+03   2.7494901e+02   1.4219513e+02
   1.9570000e+03   2.5791718e+02   1.5008476e+02
   2.0080000e+03   2.4213134e+02   1.6087586e+02
   2.0100000e+03   2.4276911e+02   1.6004992e+02
   2.0160000e+03   2.5147863e+02   1.5723458e+02
   2.0190000e+03   2.5331009e+02   1.5566426e+02
   2.0220000e+03   2.5499749e+02   1.5291276e+02
   2.0230000e+03   2.5590863e+02   1.5298371e+02
   2.0550000e+03   2.8807844e+02   1.3863592e+02
   2.0590000e+03   2.8574874e+02   1.3942084e+02
   2.0770000e+03   2.6710475e+02   1.4824740e+02
   2.0800000e+03   2.6475212e+02   1.4907082e+02
   2.0870000e+03   2.5856590e+02   1.5303186e+02
   2.0890000e+03   2.5630502e+02   1.5375596e+02
   2.0930000e+03   2.5166857e+02   1.5293556e+02
   2.1070000e+03   2.4608519e+02   1.5756243e+02
   2.1100000e+03   2.4509881e+02   1.5775550e+02
   2.1110000e+03   2.4461709e+02   1.5829921e+02
   2.1190000e+03   2.4292969e+02   1.5920370e+02
   2.1230000e+03   2.4260854e+02   1.5902331e+02
   2.1390000e+03   2.4742208e+02   1.5790041e+02
   2.1430000e+03   2.5149148e+02   1.5620797e+02
   2.1480000e+03   2.5955870e+02   1.5342811e+02
   2.1530000e+03   2.6410340e+02   1.4996264e+02
   2.1600000e+03   2.7358275e+02   1.4624281e+02
   2.1900000e+03   2.8479539e+02   1.4155767e+02
   2.1980000e+03   2.7445444e+02   1.4496232e+02
   2.2550000e+03   2.4978114e+02   1.5870813e+02
   2.2680000e+03   2.6825813e+02   1.5056717e+02
   2.2690000e+03   2.7039789e+02   1.4921574e+02
   2.2880000e+03   2.8837022e+02   1.4129064e+02
   2.2950000e+03   2.9183678e+02   1.3922778e+02
   2.3040000e+03   2.9048338e+02   1.3980696e+02
   2.3110000e+03   2.8478530e+02   1.4212418e+02
   2.3130000e+03   2.8363192e+02   1.4412878e+02
   2.3200000e+03   2.7374975e+02   1.4543509e+02
   2.3210000e+03   2.7172469e+02   1.4713717e+02
   2.3220000e+03   2.7035843e+02   1.4819925e+02
   2.3330000e+03   2.6130850e+02   1.5458951e+02
   2.3380000e+03   2.5752721e+02   1.5529081e+02
   2.3420000e+03   2.5326421e+02   1.5543573e+02
   2.3470000e+03   2.5234022e+02   1.5708966e+02
   2.3490000e+03   2.5086570e+02   1.5810615e+02
   2.3790000e+03   2.5084276e+02   1.6092858e+02
   2.3820000e+03   2.5379181e+02   1.5905878e+02
   2.3830000e+03   2.5469286e+02   1.5923917e+02
   2.3860000e+03   2.5712440e+02   1.5725993e+02
   2.4050000e+03   2.8447424e+02   1.4586936e+02
   2.4070000e+03   2.8609925e+02   1.4430916e+02
   2.4230000e+03   2.9151563e+02   1.3997468e+02
   2.4270000e+03   2.8946121e+02   1.4015507e+02
   2.4540000e+03   2.5660323e+02   1.5701569e+02
