   1.0000000e+00   2.5823245e+02   3.0958865e+02
   2.0000000e+00   2.5858794e+02   3.0814882e+02
   1.2000000e+01   2.6118208e+02   3.0562844e+02
   1.5000000e+01   2.5632961e+02   3.1105744e+02
   2.5000000e+01   2.3626943e+02   3.2196565e+02
   2.9000000e+01   2.3742680e+02   3.1964782e+02
   4.3000000e+01   2.6220768e+02   2.9599437e+02
   6.3000000e+01   2.3926490e+02   3.2115131e+02
   7.5000000e+01   2.5760058e+02   3.0917959e+02
   8.1000000e+01   2.6156396e+02   3.0712936e+02
   1.0100000e+02   2.4443101e+02   3.1647900e+02
   1.2000000e+02   2.4334582e+02   3.1861705e+02
   1.3000000e+02   2.3590284e+02   3.2213231e+02
   1.4600000e+02   2.6696197e+02   3.0045167e+02
   1.4800000e+02   2.7151117e+02   3.0131589e+02
   1.4900000e+02   2.6839432e+02   2.9953761e+02
   1.5100000e+02   2.6390513e+02   3.0303899e+02
   1.5500000e+02   2.5190655e+02   3.1226225e+02
   1.6100000e+02   2.4378469e+02   3.2046593e+02
   1.6400000e+02   2.3689989e+02   3.2323400e+02
   1.7200000e+02   2.3782374e+02   3.2375584e+02
   1.8300000e+02   2.5487753e+02   3.1005562e+02
   1.8700000e+02   2.6633652e+02   3.0339457e+02
   1.9600000e+02   2.4901128e+02   3.1388732e+02
   2.0800000e+02   2.4330028e+02   3.2316308e+02
   2.4900000e+02   2.3885664e+02   3.2094679e+02
   2.6900000e+02   2.5797470e+02   3.1220012e+02
   2.9200000e+02   2.6173609e+02   3.0251588e+02
   3.0100000e+02   2.6149116e+02   3.0864221e+02
   3.1000000e+02   2.5918150e+02   3.0961066e+02
   3.3200000e+02   2.4024817e+02   3.2415796e+02
   3.4100000e+02   2.4201747e+02   3.2629165e+02
   3.4400000e+02   2.4134524e+02   3.2562674e+02
   3.5100000e+02   2.3807370e+02   3.2623338e+02
   3.6800000e+02   2.7155614e+02   3.0365257e+02
   3.7600000e+02   2.5283140e+02   3.1864481e+02
   3.8400000e+02   2.4512927e+02   3.2215221e+02
   3.9300000e+02   2.4991584e+02   3.2183986e+02
   4.0600000e+02   2.4117858e+02   3.2602766e+02
   4.0900000e+02   2.3906529e+02   3.3032070e+02
   4.1700000e+02   2.4278592e+02   3.2168735e+02
   4.1900000e+02   2.3985123e+02   3.1907589e+02
   4.2100000e+02   2.4201068e+02   3.1783364e+02
   4.2500000e+02   2.4525264e+02   3.2204296e+02
   4.3400000e+02   2.6193146e+02   3.0546675e+02
   4.3800000e+02   2.7475525e+02   3.0148653e+02
   4.4400000e+02   2.6304299e+02   3.0923631e+02
   4.4900000e+02   2.5261559e+02   3.2061374e+02
   4.5200000e+02   2.4705985e+02   3.2292265e+02
   4.7400000e+02   2.7206950e+02   3.0228239e+02
   4.9100000e+02   2.4323249e+02   3.2221105e+02
   4.9900000e+02   2.4144355e+02   3.2217515e+02
   5.1400000e+02   2.4843331e+02   3.2072719e+02
   5.2300000e+02   2.6579656e+02   3.0670205e+02
   5.4900000e+02   2.4900766e+02   3.1616033e+02
   5.5700000e+02   2.7341705e+02   3.0261486e+02
   5.5900000e+02   2.7601899e+02   3.0193642e+02
   5.6200000e+02   2.6885952e+02   3.0563538e+02
   5.6300000e+02   2.6769883e+02   3.0897387e+02
   5.6500000e+02   2.6002862e+02   3.1227766e+02
   5.7000000e+02   2.5342496e+02   3.1762792e+02
   5.9600000e+02   2.5526362e+02   3.1654162e+02
   6.2300000e+02   2.5824795e+02   3.0881219e+02
   6.3000000e+02   2.6188672e+02   3.1252612e+02
   6.4200000e+02   2.4455984e+02   3.2482826e+02
   6.5200000e+02   2.5045614e+02   3.1646983e+02
   6.5500000e+02   2.6056580e+02   3.1022425e+02
   6.6300000e+02   2.5627684e+02   3.1287736e+02
   6.7100000e+02   2.5232939e+02   3.1497166e+02
   6.8200000e+02   2.4299063e+02   3.2699619e+02
   7.4100000e+02   2.6507361e+02   3.0308183e+02
   7.4500000e+02   2.7815210e+02   3.0000339e+02
   7.4900000e+02   2.7902974e+02   2.9852766e+02
   7.5300000e+02   2.7601116e+02   3.0290554e+02
   7.7000000e+02   2.4180322e+02   3.2195674e+02
   7.7200000e+02   2.4305090e+02   3.2232176e+02
   7.7300000e+02   2.4203349e+02   3.2379749e+02
   7.7700000e+02   2.4058093e+02   3.2151872e+02
   7.8500000e+02   2.5490757e+02   3.1676697e+02
   7.8600000e+02   2.5401899e+02   3.1494705e+02
   7.8800000e+02   2.5694646e+02   3.1328067e+02
   7.9500000e+02   2.7091761e+02   3.0158408e+02
   7.9800000e+02   2.7356147e+02   2.9684741e+02
   8.0200000e+02   2.6612479e+02   2.9617676e+02
   8.0800000e+02   2.6390972e+02   3.0412414e+02
   8.1700000e+02   2.5958623e+02   3.0510747e+02
   8.3200000e+02   2.5686318e+02   3.1505776e+02
   8.3800000e+02   2.5469664e+02   3.1640720e+02
   8.6600000e+02   2.4857825e+02   3.1857636e+02
   8.8600000e+02   2.7039546e+02   2.9950865e+02
   8.9400000e+02   2.5289055e+02   3.1834897e+02
   8.9500000e+02   2.4704064e+02   3.2306127e+02
   9.0500000e+02   2.4084105e+02   3.1904202e+02
   9.0800000e+02   2.4665582e+02   3.1910163e+02
   9.0900000e+02   2.3934886e+02   3.1496082e+02
   9.3200000e+02   2.8911818e+02   2.9247298e+02
   9.4400000e+02   2.6510286e+02   3.0632247e+02
   9.5000000e+02   2.5283769e+02   3.1504994e+02
   9.6300000e+02   2.4898787e+02   3.1711593e+02
   9.7500000e+02   2.7560338e+02   2.9822026e+02
   1.0110000e+03   2.5784373e+02   3.0837849e+02
   1.0120000e+03   2.6100392e+02   3.0494000e+02
   1.0240000e+03   2.8508582e+02   2.9221781e+02
   1.0520000e+03   2.4159554e+02   3.2143466e+02
   1.0540000e+03   2.4624638e+02   3.2133699e+02
   1.0690000e+03   2.7857609e+02   2.9684182e+02
   1.0710000e+03   2.8369614e+02   2.9615054e+02
   1.0900000e+03   2.5051402e+02   3.1692943e+02
   1.0960000e+03   2.4606760e+02   3.1799641e+02
   1.1020000e+03   2.4183508e+02   3.2050432e+02
   1.1060000e+03   2.4653238e+02   3.1420948e+02
   1.1070000e+03   2.4974530e+02   3.1381431e+02
   1.1150000e+03   2.6592268e+02   3.0292208e+02
   1.1210000e+03   2.8030180e+02   2.9539028e+02
   1.1480000e+03   2.4359112e+02   3.2161740e+02
   1.1500000e+03   2.3687174e+02   3.1917108e+02
   1.1530000e+03   2.4524761e+02   3.2021224e+02
   1.1570000e+03   2.4259431e+02   3.1692919e+02
   1.1580000e+03   2.4411844e+02   3.1733521e+02
   1.1760000e+03   2.6998201e+02   3.0097718e+02
   1.1940000e+03   2.4264307e+02   3.2019491e+02
   1.2020000e+03   2.5609899e+02   3.0975075e+02
   1.2140000e+03   2.8417671e+02   2.9092819e+02
   1.2170000e+03   2.8957075e+02   2.9098175e+02
   1.2220000e+03   2.9939244e+02   2.8738224e+02
   1.2290000e+03   2.8231438e+02   2.9418307e+02
   1.2330000e+03   2.7311779e+02   2.9722681e+02
   1.2350000e+03   2.7061607e+02   3.0130391e+02
   1.2530000e+03   2.4865491e+02   3.1464277e+02
   1.2730000e+03   2.9571615e+02   2.8944075e+02
   1.2740000e+03   2.9772552e+02   2.8791858e+02
   1.2810000e+03   2.7859976e+02   2.9597219e+02
   1.3050000e+03   2.5170335e+02   3.1301311e+02
   1.3190000e+03   2.8504028e+02   2.9340357e+02
   1.3450000e+03   2.4796685e+02   3.1380346e+02
   1.3470000e+03   2.4374617e+02   3.1547765e+02
   1.3610000e+03   2.5762313e+02   3.0240703e+02
   1.3690000e+03   2.8173306e+02   2.9568136e+02
   1.4120000e+03   2.5997308e+02   3.0420697e+02
   1.4170000e+03   2.7753208e+02   2.9678472e+02
   1.4440000e+03   2.5886998e+02   3.0927088e+02
   1.4510000e+03   2.5203816e+02   3.1790352e+02
   1.4540000e+03   2.4708126e+02   3.1869938e+02
   1.4670000e+03   2.8224083e+02   2.9801165e+02
   1.4720000e+03   2.9139758e+02   2.9123178e+02
   1.4810000e+03   2.9086719e+02   2.8875786e+02
   1.4840000e+03   2.8333966e+02   2.9391368e+02
   1.5070000e+03   2.4796685e+02   3.1824074e+02
   1.5200000e+03   2.7192075e+02   2.9930635e+02
   1.5490000e+03   2.6394890e+02   3.0426459e+02
   1.5580000e+03   2.4734462e+02   3.1673161e+02
   1.5620000e+03   2.4886412e+02   3.1826243e+02
   1.5840000e+03   2.9119316e+02   2.9163247e+02
   1.6010000e+03   2.7713300e+02   2.9901552e+02
   1.6260000e+03   2.5154306e+02   3.1092207e+02
   1.6270000e+03   2.5446616e+02   3.0866597e+02
   1.6500000e+03   2.7445076e+02   2.9948310e+02
   1.6510000e+03   2.7119276e+02   3.0142658e+02
   1.6520000e+03   2.7152376e+02   3.0205860e+02
   1.6540000e+03   2.6378635e+02   3.0350932e+02
   1.6610000e+03   2.5658602e+02   3.1180590e+02
   1.6860000e+03   2.8648195e+02   2.8817258e+02
   1.6890000e+03   2.8563022e+02   2.8715547e+02
   1.6900000e+03   2.8212001e+02   2.8619984e+02
   1.6950000e+03   2.7685427e+02   2.9865685e+02
   1.6980000e+03   2.6763843e+02   3.0117812e+02
   1.7020000e+03   2.6246026e+02   3.0823826e+02
   1.7340000e+03   2.9345646e+02   2.8529455e+02
   1.7540000e+03   2.6577752e+02   3.0742622e+02
   1.7620000e+03   2.5579516e+02   3.1614117e+02
   1.7680000e+03   2.4625642e+02   3.1428349e+02
   1.7730000e+03   2.5831599e+02   3.0715683e+02
   1.7740000e+03   2.6108458e+02   3.0409206e+02
   1.7810000e+03   2.8591246e+02   2.9666929e+02
   1.7850000e+03   2.9269439e+02   2.9212792e+02
   1.7890000e+03   3.0014730e+02   2.8746264e+02
   1.8000000e+03   2.7319493e+02   3.0179258e+02
   1.8030000e+03   2.6642484e+02   3.0430049e+02
   1.8200000e+03   2.4390362e+02   3.2025251e+02
   1.8260000e+03   2.5487215e+02   3.1086447e+02
   1.8430000e+03   2.8754851e+02   2.9352936e+02
   1.8440000e+03   2.8777763e+02   2.9511568e+02
   1.8730000e+03   2.4553645e+02   3.1880096e+02
   1.8820000e+03   2.6906107e+02   3.0371858e+02
   1.9000000e+03   2.8978416e+02   2.9248910e+02
   1.9030000e+03   2.8336514e+02   2.9755570e+02
   1.9070000e+03   2.6976105e+02   3.0179888e+02
   1.9080000e+03   2.6804763e+02   3.0584529e+02
   1.9200000e+03   2.5237459e+02   3.1670412e+02
   1.9370000e+03   2.6567453e+02   3.0189273e+02
   1.9390000e+03   2.7285210e+02   2.9998924e+02
   1.9400000e+03   2.7832142e+02   2.9783060e+02
   1.9570000e+03   2.6345679e+02   3.0716249e+02
   2.0080000e+03   2.4096006e+02   3.1776628e+02
   2.0100000e+03   2.4490105e+02   3.1974074e+02
   2.0160000e+03   2.3573977e+02   3.1936763e+02
   2.0190000e+03   2.4168325e+02   3.2120569e+02
   2.0220000e+03   2.4221777e+02   3.2027420e+02
   2.0230000e+03   2.4517033e+02   3.1649812e+02
   2.0550000e+03   2.4202182e+02   3.1625745e+02
   2.0590000e+03   2.4361517e+02   3.1893838e+02
   2.0770000e+03   2.7869084e+02   2.9773650e+02
   2.0800000e+03   2.7453369e+02   3.0096633e+02
   2.0870000e+03   2.5478107e+02   3.1528754e+02
   2.0890000e+03   2.5284195e+02   3.1668486e+02
   2.0930000e+03   2.5040571e+02   3.1687418e+02
   2.1070000e+03   2.5608858e+02   3.0604311e+02
   2.1100000e+03   2.6712953e+02   3.0431470e+02
   2.1110000e+03   2.6973026e+02   3.0245041e+02
   2.1190000e+03   2.8555524e+02   2.9470948e+02
   2.1230000e+03   2.7324939e+02   3.0235970e+02
   2.1390000e+03   2.4276359e+02   3.2112550e+02
   2.1430000e+03   2.4871567e+02   3.1613136e+02
   2.1480000e+03   2.5152402e+02   3.1035436e+02
   2.1530000e+03   2.6926548e+02   3.0203355e+02
   2.1600000e+03   2.8695781e+02   2.9172362e+02
   2.1900000e+03   2.5552328e+02   3.0893365e+02
   2.1980000e+03   2.7467173e+02   2.9930635e+02
   2.2680000e+03   2.4984243e+02   3.1861086e+02
   2.2690000e+03   2.4809343e+02   3.2064768e+02
   2.2880000e+03   2.6259688e+02   3.0254726e+02
   2.2950000e+03   2.6550995e+02   3.0472820e+02
   2.3040000e+03   2.5298958e+02   3.1927830e+02
   2.3110000e+03   2.4593186e+02   3.2304192e+02
   2.3130000e+03   2.4518500e+02   3.2085611e+02
   2.3200000e+03   2.4165292e+02   3.2189079e+02
   2.3210000e+03   2.4100702e+02   3.2042840e+02
   2.3220000e+03   2.4169846e+02   3.2051853e+02
   2.3330000e+03   2.6661458e+02   3.0268390e+02
   2.3380000e+03   2.8175815e+02   2.9481921e+02
   2.3420000e+03   2.7899997e+02   2.9729459e+02
   2.3470000e+03   2.6532270e+02   3.0335867e+02
   2.3490000e+03   2.6267509e+02   3.1042256e+02
   2.3790000e+03   2.6316354e+02   3.1737111e+02
   2.3820000e+03   2.5665523e+02   3.1819735e+02
   2.3830000e+03   2.5488540e+02   3.1839494e+02
   2.3860000e+03   2.5268824e+02   3.2117795e+02
   2.4050000e+03   2.8759832e+02   2.9778919e+02
   2.4070000e+03   2.8652172e+02   2.9166837e+02
   2.4230000e+03   2.6078286e+02   3.1749180e+02
   2.4270000e+03   2.5550801e+02   3.1985733e+02
   2.4540000e+03   2.5243634e+02   3.2274285e+02
   2.4600000e+03   2.4906736e+02   3.1902396e+02
   2.4670000e+03   2.7561170e+02   3.0314751e+02
   2.4720000e+03   2.8839124e+02   2.9848759e+02
   2.4810000e+03   2.8032069e+02   3.0222800e+02
   2.4940000e+03   2.5234670e+02   3.2148694e+02
   2.5110000e+03   2.7197551e+02   3.0643188e+02
   2.5120000e+03   2.7270648e+02   3.0638069e+02
   2.5430000e+03   2.5839419e+02   3.1029341e+02
   2.5560000e+03   2.6927306e+02   3.0361448e+02
   2.5590000e+03   2.7670617e+02   3.0001286e+02
   2.5620000e+03   2.9188820e+02   2.9222865e+02
   2.5670000e+03   2.9921274e+02   2.8097994e+02
   2.5710000e+03   2.9617052e+02   2.8602394e+02
   2.5720000e+03   2.9028766e+02   2.9077375e+02
   2.5750000e+03   2.8051663e+02   2.9825747e+02
   2.5900000e+03   2.6624836e+02   3.1068858e+02
   2.5960000e+03   2.6413002e+02   3.0552939e+02
   2.6100000e+03   2.9463275e+02   2.8761175e+02
   2.6310000e+03   2.7619445e+02   2.9693531e+02
   2.6720000e+03   2.8428106e+02   2.9758609e+02
   2.6770000e+03   2.5938576e+02   3.0166342e+02
   2.6870000e+03   2.5346598e+02   3.0328750e+02
   2.7040000e+03   2.9912449e+02   2.8355193e+02
   2.7140000e+03   2.8536589e+02   2.9180248e+02
   2.7160000e+03   2.7839744e+02   2.9750326e+02
   2.7190000e+03   2.6679712e+02   2.9716856e+02
   2.7270000e+03   2.5976763e+02   3.0696767e+02
   2.7310000e+03   2.5355564e+02   3.0991993e+02
   2.7370000e+03   2.4877304e+02   3.0850428e+02
   2.7420000e+03   2.6040813e+02   3.0134690e+02
   2.7440000e+03   2.6262197e+02   2.9790904e+02
   2.7690000e+03   2.6146150e+02   3.0099887e+02
   2.7800000e+03   2.4959281e+02   3.1475619e+02
   2.7950000e+03   2.5825861e+02   3.0533181e+02
   2.8010000e+03   2.7397094e+02   2.9905754e+02
   2.8040000e+03   2.8309690e+02   2.9008025e+02
   2.8170000e+03   2.7119418e+02   2.9692111e+02
   2.8260000e+03   2.5249050e+02   3.1375672e+02
   2.8340000e+03   2.4649132e+02   3.1193054e+02
   2.8380000e+03   2.4985307e+02   3.0867811e+02
   2.8420000e+03   2.6293830e+02   3.0227788e+02
   2.8540000e+03   2.9771728e+02   2.8286852e+02
   2.8560000e+03   2.9537045e+02   2.8160780e+02
   2.8670000e+03   2.7119560e+02   2.9826083e+02
   2.8780000e+03   2.4764213e+02   3.1514989e+02
   2.8800000e+03   2.4569570e+02   3.1799977e+02
   2.8860000e+03   2.5193143e+02   3.1073869e+02
   2.8910000e+03   2.6280265e+02   2.9931308e+02
   2.9090000e+03   2.7225564e+02   2.9989481e+02
   2.9190000e+03   2.5178439e+02   3.1750026e+02
   2.9200000e+03   2.4882000e+02   3.1667737e+02
   2.9270000e+03   2.4632743e+02   3.1075335e+02
   2.9280000e+03   2.4532162e+02   3.1251697e+02
   2.9300000e+03   2.5395405e+02   3.0828500e+02
   2.9400000e+03   2.8737885e+02   2.9334291e+02
   2.9460000e+03   2.9489955e+02   2.8761908e+02
   2.9500000e+03   2.9034645e+02   2.9273901e+02
   2.9660000e+03   2.4697147e+02   3.1723986e+02
   2.9750000e+03   2.5737917e+02   3.0478319e+02
   3.0000000e+03   2.9351525e+02   2.8958074e+02
   3.0020000e+03   2.8547277e+02   2.9264888e+02
   3.0220000e+03   2.5035133e+02   3.1322491e+02
   3.0370000e+03   2.8774715e+02   2.9224459e+02
   3.0450000e+03   2.7906513e+02   2.9753712e+02
   3.0500000e+03   2.6488451e+02   3.0280220e+02
   3.0510000e+03   2.6370531e+02   3.0107482e+02
   3.0600000e+03   2.5122957e+02   3.1469814e+02
   3.0650000e+03   2.4717392e+02   3.1597715e+02
   3.0930000e+03   2.8604946e+02   2.9293996e+02
   3.0990000e+03   2.6900228e+02   2.9953648e+02
   3.1110000e+03   2.4587808e+02   3.1344070e+02
   3.1230000e+03   2.6743858e+02   2.9866236e+02
   3.1240000e+03   2.7282701e+02   2.9810999e+02
   3.1250000e+03   2.7887916e+02   2.9796999e+02
   3.1260000e+03   2.7997223e+02   2.9608738e+02
   3.1500000e+03   2.5912315e+02   3.0437698e+02
   3.1530000e+03   2.5659065e+02   3.0717104e+02
   3.1570000e+03   2.5161226e+02   3.1155073e+02
   3.1610000e+03   2.4795502e+02   3.1253530e+02
   3.1760000e+03   2.9155863e+02   2.8982508e+02
   3.1770000e+03   2.9712374e+02   2.8900968e+02
   3.1870000e+03   2.9132126e+02   2.9013485e+02
   3.1940000e+03   2.7652544e+02   2.9664424e+02
   3.2010000e+03   2.6517432e+02   3.0228872e+02
   3.2190000e+03   2.9692293e+02   2.8479310e+02
   3.2230000e+03   3.0147821e+02   2.8173775e+02
   3.2260000e+03   2.9783422e+02   2.8586541e+02
   3.2600000e+03   2.8032367e+02   2.9794494e+02
   3.2930000e+03   2.5163735e+02   3.1247771e+02
