   1.0000000e+00   2.6540224e+02   1.8450233e+02
   2.0000000e+00   2.6468000e+02   1.8397458e+02
   1.2000000e+01   2.6455959e+02   1.8365604e+02
   1.5000000e+01   2.6099683e+02   1.8560286e+02
   2.5000000e+01   2.5105648e+02   1.9729968e+02
   2.9000000e+01   2.4898830e+02   1.9870883e+02
   4.3000000e+01   2.4606024e+02   2.0411236e+02
   6.3000000e+01   2.4359848e+02   2.0613479e+02
   7.5000000e+01   2.4379434e+02   2.0645783e+02
   8.1000000e+01   2.4485546e+02   2.0568558e+02
   1.0100000e+02   2.5329909e+02   1.9469792e+02
   1.2000000e+02   2.6427120e+02   1.8233054e+02
   1.3000000e+02   2.5469864e+02   1.9012637e+02
   1.4600000e+02   2.4584109e+02   2.0032292e+02
   1.4800000e+02   2.4631273e+02   2.0105095e+02
   1.4900000e+02   2.4445484e+02   2.0045591e+02
   1.5100000e+02   2.4450150e+02   2.0120755e+02
   1.5500000e+02   2.4347861e+02   2.0259926e+02
   1.6100000e+02   2.4206130e+02   2.0268121e+02
   1.6400000e+02   2.4316813e+02   2.0276283e+02
   1.7200000e+02   2.4255411e+02   2.0389380e+02
   1.8300000e+02   2.4164839e+02   2.0373228e+02
   1.8700000e+02   2.4160894e+02   2.0408686e+02
   1.9600000e+02   2.4417453e+02   2.0158290e+02
   2.0800000e+02   2.5556491e+02   1.9053784e+02
   2.4900000e+02   2.4885331e+02   1.9309920e+02
   2.6900000e+02   2.4371493e+02   1.9833188e+02
   2.9200000e+02   2.4087302e+02   2.0372434e+02
   3.0100000e+02   2.4885281e+02   2.0199739e+02
   3.1000000e+02   2.4995526e+02   2.0102906e+02
   3.3200000e+02   2.5904452e+02   1.8793252e+02
   3.4100000e+02   2.6239774e+02   1.8348701e+02
   3.4400000e+02   2.6062389e+02   1.8191848e+02
   3.5100000e+02   2.6745436e+02   1.7892816e+02
   3.6800000e+02   2.5600603e+02   1.8696372e+02
   3.7600000e+02   2.4991580e+02   1.9256379e+02
   3.8400000e+02   2.4784778e+02   1.9812236e+02
   3.9300000e+02   2.4546866e+02   2.0060174e+02
   4.0600000e+02   2.5176685e+02   1.9925298e+02
   4.0900000e+02   2.4932444e+02   2.0028518e+02
   4.1700000e+02   2.4794658e+02   2.0119360e+02
   4.1900000e+02   2.4692542e+02   2.0119360e+02
   4.2100000e+02   2.4731663e+02   2.0078861e+02
   4.2500000e+02   2.4694127e+02   2.0235325e+02
   4.3400000e+02   2.4843990e+02   1.9873688e+02
   4.3800000e+02   2.5202157e+02   1.9484252e+02
   4.4400000e+02   2.5993521e+02   1.8755615e+02
   4.4900000e+02   2.6795490e+02   1.8406620e+02
   4.5200000e+02   2.6786826e+02   1.8277268e+02
   4.7400000e+02   2.7025003e+02   1.7995518e+02
   4.9100000e+02   2.5082066e+02   1.9523289e+02
   4.9900000e+02   2.4861837e+02   2.0199976e+02
   5.1400000e+02   2.4507301e+02   2.0516948e+02
   5.2300000e+02   2.4361624e+02   2.0587864e+02
   5.4900000e+02   2.4904352e+02   1.9968492e+02
   5.5700000e+02   2.5812326e+02   1.9077245e+02
   5.5900000e+02   2.6040684e+02   1.8949678e+02
   5.6200000e+02   2.6241414e+02   1.8772387e+02
   5.6300000e+02   2.6296519e+02   1.8700851e+02
   5.6500000e+02   2.6377324e+02   1.8615050e+02
   5.7000000e+02   2.6650968e+02   1.8443448e+02
   5.9600000e+02   2.6713261e+02   1.8579457e+02
   6.2300000e+02   2.4970132e+02   2.0098787e+02
   6.3000000e+02   2.4692028e+02   2.0295399e+02
   6.4200000e+02   2.4798705e+02   2.0353922e+02
   6.5200000e+02   2.4753418e+02   2.0507485e+02
   6.5500000e+02   2.4804476e+02   2.0300425e+02
   6.6300000e+02   2.5560186e+02   1.9640666e+02
   6.7100000e+02   2.6286802e+02   1.9078513e+02
   6.8200000e+02   2.7298350e+02   1.8233782e+02
   7.4100000e+02   2.5114578e+02   2.0024414e+02
   7.4500000e+02   2.4936440e+02   2.0243774e+02
   7.4900000e+02   2.4950203e+02   2.0321618e+02
   7.5300000e+02   2.4978162e+02   2.0266499e+02
   7.7000000e+02   2.4995877e+02   2.0314166e+02
   7.7200000e+02   2.5351714e+02   2.0122515e+02
   7.7300000e+02   2.5412641e+02   2.0088324e+02
   7.7700000e+02   2.5926106e+02   1.9713740e+02
   7.8500000e+02   2.6483486e+02   1.9200392e+02
   7.8600000e+02   2.6483435e+02   1.9127588e+02
   7.8800000e+02   2.6543451e+02   1.9237453e+02
   7.9500000e+02   2.7222165e+02   1.8677794e+02
   7.9800000e+02   2.7526803e+02   1.8321302e+02
   8.0200000e+02   2.7833848e+02   1.8144659e+02
   8.0800000e+02   2.8088576e+02   1.7962798e+02
   8.1700000e+02   2.8042286e+02   1.7925802e+02
   8.3200000e+02   2.6396909e+02   1.9067783e+02
   8.3800000e+02   2.5798563e+02   1.9704353e+02
   8.6600000e+02   2.5329909e+02   2.0317196e+02
   8.8600000e+02   2.4928728e+02   2.0372627e+02
   8.9400000e+02   2.6131307e+02   1.9293768e+02
   8.9500000e+02   2.6359171e+02   1.9141854e+02
   9.0500000e+02   2.7064124e+02   1.8736309e+02
   9.0800000e+02   2.7404864e+02   1.8270938e+02
   9.0900000e+02   2.7475453e+02   1.8345030e+02
   9.2200000e+02   2.8355954e+02   1.7597438e+02
   9.3200000e+02   2.8135019e+02   1.7619504e+02
   9.4400000e+02   2.6784607e+02   1.8988290e+02
   9.5000000e+02   2.6261779e+02   1.9467290e+02
   9.6300000e+02   2.5936197e+02   1.9925679e+02
   9.7500000e+02   2.5334006e+02   2.0402378e+02
   1.0110000e+03   2.5666700e+02   2.0165930e+02
   1.0120000e+03   2.5794516e+02   2.0090592e+02
   1.0240000e+03   2.7055950e+02   1.9023279e+02
   1.0520000e+03   2.8792365e+02   1.7468209e+02
   1.0540000e+03   2.8636921e+02   1.7660003e+02
   1.0690000e+03   2.7152123e+02   1.8638992e+02
   1.0710000e+03   2.6941546e+02   1.8829329e+02
   1.0900000e+03   2.6129087e+02   1.9904105e+02
   1.0960000e+03   2.6022874e+02   2.0131091e+02
   1.1020000e+03   2.5900729e+02   2.0205781e+02
   1.1060000e+03   2.5882970e+02   2.0186475e+02
   1.1070000e+03   2.5955560e+02   2.0065182e+02
   1.1150000e+03   2.5763044e+02   2.0238558e+02
   1.1210000e+03   2.5729996e+02   2.0393008e+02
   1.1480000e+03   2.7119178e+02   1.9168736e+02
   1.1500000e+03   2.7355325e+02   1.9061093e+02
   1.1530000e+03   2.7158540e+02   1.9091511e+02
   1.1570000e+03   2.7221814e+02   1.8986124e+02
   1.1580000e+03   2.7359422e+02   1.8944256e+02
   1.1760000e+03   2.8461891e+02   1.7928136e+02
   1.1940000e+03   2.7684175e+02   1.8331146e+02
   1.2020000e+03   2.6628230e+02   1.9293724e+02
   1.2140000e+03   2.6094013e+02   1.9904724e+02
   1.2170000e+03   2.6223655e+02   2.0011099e+02
   1.2220000e+03   2.6133032e+02   2.0247547e+02
   1.2290000e+03   2.6034196e+02   2.0352779e+02
   1.2330000e+03   2.5936298e+02   2.0434301e+02
   1.2350000e+03   2.5905677e+02   2.0413581e+02
   1.2530000e+03   2.5786626e+02   2.0479603e+02
   1.2730000e+03   2.6558176e+02   1.9670163e+02
   1.2740000e+03   2.6657856e+02   1.9505713e+02
   1.2810000e+03   2.7351035e+02   1.8908360e+02
   1.3050000e+03   2.8609343e+02   1.7965481e+02
   1.3190000e+03   2.7333722e+02   1.8852527e+02
   1.3450000e+03   2.6109603e+02   2.0232663e+02
   1.3470000e+03   2.6105506e+02   2.0303579e+02
   1.3610000e+03   2.6052228e+02   2.0355189e+02
   1.3690000e+03   2.5904775e+02   2.0423571e+02
   1.4120000e+03   2.8144855e+02   1.8465616e+02
   1.4170000e+03   2.8561888e+02   1.8122199e+02
   1.4330000e+03   2.9363185e+02   1.7399827e+02
   1.4440000e+03   2.7991512e+02   1.8279155e+02
   1.4510000e+03   2.7461982e+02   1.8976560e+02
   1.4540000e+03   2.7221737e+02   1.9207967e+02
   1.4670000e+03   2.6717565e+02   1.9754696e+02
   1.4720000e+03   2.6367770e+02   1.9970108e+02
   1.4810000e+03   2.6303772e+02   1.9967763e+02
   1.4840000e+03   2.6276933e+02   2.0048444e+02
   1.5070000e+03   2.6258185e+02   2.0083949e+02
   1.5190000e+03   2.7213746e+02   1.9169355e+02
   1.5200000e+03   2.7125292e+02   1.9102860e+02
   1.5490000e+03   2.8308791e+02   1.8079523e+02
   1.5580000e+03   2.7286559e+02   1.8745772e+02
   1.5620000e+03   2.6751358e+02   1.9141472e+02
   1.5840000e+03   2.5835958e+02   2.0106744e+02
   1.6010000e+03   2.5672471e+02   2.0394802e+02
   1.6260000e+03   2.6853474e+02   1.9542595e+02
   1.6270000e+03   2.6979565e+02   1.9367839e+02
   1.6500000e+03   2.8859406e+02   1.7897100e+02
   1.6510000e+03   2.8906468e+02   1.7876526e+02
   1.6520000e+03   2.9052195e+02   1.7841068e+02
   1.6540000e+03   2.9075777e+02   1.7755267e+02
   1.6610000e+03   2.8851414e+02   1.7836027e+02
   1.6860000e+03   2.6131307e+02   1.9835075e+02
   1.6890000e+03   2.6133083e+02   1.9859803e+02
   1.6900000e+03   2.6188187e+02   1.9915835e+02
   1.6950000e+03   2.6078029e+02   2.0269388e+02
   1.6980000e+03   2.5885240e+02   2.0286808e+02
   1.7020000e+03   2.5902999e+02   2.0157973e+02
   1.7340000e+03   2.6355670e+02   2.0104476e+02
   1.7540000e+03   2.8483202e+02   1.8766345e+02
   1.7620000e+03   2.9199306e+02   1.8079523e+02
   1.7680000e+03   2.9473292e+02   1.7842335e+02
   1.7730000e+03   2.9636673e+02   1.7578860e+02
   1.7740000e+03   2.9668301e+02   1.7621391e+02
   1.7810000e+03   2.9290372e+02   1.7823029e+02
   1.7850000e+03   2.8672439e+02   1.8100625e+02
   1.7890000e+03   2.8162596e+02   1.8435253e+02
   1.8000000e+03   2.6952038e+02   1.9612244e+02
   1.8030000e+03   2.6774890e+02   1.9723660e+02
   1.8200000e+03   2.6329868e+02   2.0207048e+02
   1.8260000e+03   2.6247493e+02   2.0390124e+02
   1.8430000e+03   2.5989626e+02   2.0618281e+02
   1.8440000e+03   2.5971816e+02   2.0639474e+02
   1.8730000e+03   2.8363377e+02   1.8637510e+02
   1.8820000e+03   2.9014850e+02   1.7947443e+02
   1.9000000e+03   2.8347686e+02   1.8529249e+02
   1.9030000e+03   2.7937349e+02   1.8753023e+02
   1.9070000e+03   2.7587730e+02   1.9046209e+02
   1.9080000e+03   2.7387000e+02   1.9159511e+02
   1.9200000e+03   2.6699146e+02   1.9909844e+02
   1.9370000e+03   2.6309645e+02   2.0314895e+02
   1.9390000e+03   2.6178420e+02   2.0444145e+02
   1.9400000e+03   2.6123315e+02   2.0410573e+02
   1.9570000e+03   2.6211718e+02   2.0481490e+02
   2.0080000e+03   2.8585113e+02   1.8581612e+02
   2.0100000e+03   2.8152677e+02   1.8859455e+02
   2.0160000e+03   2.7646881e+02   1.9284544e+02
   2.0190000e+03   2.7322179e+02   1.9528330e+02
   2.0220000e+03   2.7226461e+02   1.9679279e+02
   2.0230000e+03   2.7148823e+02   1.9813882e+02
   2.0550000e+03   2.6497300e+02   2.0429260e+02
   2.0590000e+03   2.6754860e+02   2.0129823e+02
   2.0770000e+03   2.6478483e+02   2.0333469e+02
   2.0800000e+03   2.6599759e+02   2.0205161e+02
   2.0870000e+03   2.7202006e+02   1.9621550e+02
   2.0890000e+03   2.7203231e+02   1.9581860e+02
   2.0930000e+03   2.7495331e+02   1.9293768e+02
   2.1070000e+03   2.8888759e+02   1.8236769e+02
   2.1100000e+03   2.8964625e+02   1.8195170e+02
   2.1110000e+03   2.9099359e+02   1.8109201e+02
   2.1190000e+03   2.8802183e+02   1.8290266e+02
   2.1230000e+03   2.8318960e+02   1.8504418e+02
   2.1390000e+03   2.6651019e+02   1.9991411e+02
   2.1430000e+03   2.6591918e+02   1.9904724e+02
   2.1480000e+03   2.6542636e+02   2.0042136e+02
   2.1530000e+03   2.6510403e+02   2.0216019e+02
   2.1600000e+03   2.6373328e+02   2.0434301e+02
   2.1900000e+03   2.6405115e+02   2.0314166e+02
   2.1980000e+03   2.6702077e+02   2.0122515e+02
   2.2550000e+03   2.7223039e+02   1.9410639e+02
   2.2680000e+03   2.6681086e+02   2.0026410e+02
   2.2690000e+03   2.6455959e+02   2.0146242e+02
   2.2880000e+03   2.6425274e+02   2.0335279e+02
   2.2950000e+03   2.6351573e+02   2.0540675e+02
   2.3040000e+03   2.6388918e+02   2.0539408e+02
   2.3110000e+03   2.6345750e+02   2.0536254e+02
   2.3130000e+03   2.6520881e+02   2.0324153e+02
   2.3200000e+03   2.7215471e+02   1.9872802e+02
   2.3210000e+03   2.7179894e+02   1.9896727e+02
   2.3220000e+03   2.7469736e+02   1.9831732e+02
   2.3330000e+03   2.8152778e+02   1.9080399e+02
   2.3380000e+03   2.8487895e+02   1.8675259e+02
   2.3420000e+03   2.8796462e+02   1.8452775e+02
   2.3470000e+03   2.9123283e+02   1.8219255e+02
   2.3490000e+03   2.9178337e+02   1.8235069e+02
   2.3790000e+03   2.6633209e+02   2.0070624e+02
   2.3820000e+03   2.6464052e+02   2.0260193e+02
   2.3830000e+03   2.6591868e+02   2.0120290e+02
   2.3860000e+03   2.6271262e+02   2.0412686e+02
   2.4050000e+03   2.6489651e+02   2.0469337e+02
   2.4070000e+03   2.6627336e+02   2.0350007e+02
   2.4230000e+03   2.6881001e+02   2.0316155e+02
   2.4270000e+03   2.6633158e+02   2.0232635e+02
