   1.0000000e+00   2.3567535e+02   2.4651296e+02
   2.0000000e+00   2.3809958e+02   2.4393040e+02
   1.2000000e+01   2.5175531e+02   2.3621522e+02
   1.5000000e+01   2.4670303e+02   2.3839157e+02
   2.5000000e+01   2.2803619e+02   2.4988879e+02
   2.9000000e+01   2.1926645e+02   2.5269357e+02
   4.3000000e+01   2.3570947e+02   2.4541522e+02
   6.3000000e+01   2.3535102e+02   2.4160256e+02
   7.5000000e+01   2.2318794e+02   2.5204603e+02
   8.1000000e+01   2.2344941e+02   2.5139273e+02
   1.0100000e+02   2.5510970e+02   2.3432419e+02
   1.2000000e+02   2.2571067e+02   2.4348020e+02
   1.3000000e+02   2.2574093e+02   2.4691916e+02
   1.4600000e+02   2.4849578e+02   2.3582814e+02
   1.4800000e+02   2.4301947e+02   2.3666541e+02
   1.4900000e+02   2.4288344e+02   2.3967329e+02
   1.5100000e+02   2.3823197e+02   2.4051057e+02
   1.5500000e+02   2.2186061e+02   2.4821425e+02
   1.6100000e+02   2.2507897e+02   2.5013014e+02
   1.6400000e+02   2.2056353e+02   2.5139273e+02
   1.7200000e+02   2.2583661e+02   2.4862620e+02
   1.8300000e+02   2.4917439e+02   2.3690675e+02
   1.8700000e+02   2.5076723e+02   2.3410197e+02
   1.9600000e+02   2.3004753e+02   2.4284603e+02
   2.0800000e+02   2.1847802e+02   2.5200779e+02
   2.4900000e+02   2.2152781e+02   2.5118963e+02
   2.6900000e+02   2.5260608e+02   2.3668453e+02
   2.9200000e+02   2.2063155e+02   2.5159583e+02
   3.0100000e+02   2.2152781e+02   2.5009189e+02
   3.1000000e+02   2.4043921e+02   2.4008524e+02
   3.3200000e+02   2.1900759e+02   2.5096166e+02
   3.4100000e+02   2.2240539e+02   2.5053634e+02
   3.4400000e+02   2.2195873e+02   2.4669693e+02
   3.5100000e+02   2.4195692e+02   2.3839157e+02
   3.6800000e+02   2.5717087e+02   2.3412109e+02
   3.7600000e+02   2.3229070e+02   2.4585391e+02
   3.8400000e+02   2.2275687e+02   2.5226250e+02
   3.9300000e+02   2.2637969e+02   2.4329622e+02
   4.0600000e+02   2.5762857e+02   2.3259803e+02
   4.0900000e+02   2.4949395e+02   2.3733208e+02
   4.1700000e+02   2.3242309e+02   2.4477529e+02
   4.1900000e+02   2.2398594e+02   2.4842310e+02
   4.2100000e+02   2.2147817e+02   2.4969907e+02
   4.2500000e+02   2.2321843e+02   2.5139273e+02
   4.3400000e+02   2.2195873e+02   2.5202116e+02
   4.3800000e+02   2.2273749e+02   2.5202116e+02
   4.4400000e+02   2.3260101e+02   2.4669693e+02
   4.4900000e+02   2.4403719e+02   2.4094164e+02
   4.5200000e+02   2.4773319e+02   2.3603124e+02
   4.7400000e+02   2.2717404e+02   2.4860708e+02
   4.9100000e+02   2.1917435e+02   2.4905152e+02
   4.9900000e+02   2.4082613e+02   2.4071367e+02
   5.1400000e+02   2.4989476e+02   2.3815598e+02
   5.2300000e+02   2.2657645e+02   2.4947684e+02
   5.4900000e+02   2.4547760e+02   2.3900662e+02
   5.5700000e+02   2.5350212e+02   2.3495837e+02
   5.5900000e+02   2.4438488e+02   2.3989551e+02
   5.6200000e+02   2.3674176e+02   2.4308737e+02
   5.6300000e+02   2.3843407e+02   2.4436909e+02
   5.6500000e+02   2.3348587e+02   2.4605701e+02
   5.7000000e+02   2.2099761e+02   2.5139273e+02
   5.9600000e+02   2.4986065e+02   2.3901999e+02
   6.2300000e+02   2.2684124e+02   2.5011101e+02
   6.3000000e+02   2.1551488e+02   2.5334112e+02
   6.4200000e+02   2.2678213e+02   2.5077768e+02
   6.5200000e+02   2.5384674e+02   2.3965417e+02
   6.5500000e+02   2.6085806e+02   2.3414022e+02
   6.6300000e+02   2.6182181e+02   2.3367665e+02
   6.7100000e+02   2.3268788e+02   2.4581567e+02
   6.8200000e+02   2.2239382e+02   2.5118388e+02
   7.4100000e+02   2.3870080e+02   2.4329622e+02
   7.4500000e+02   2.4743664e+02   2.3863292e+02
   7.4900000e+02   2.5234082e+02   2.3645656e+02
   7.5300000e+02   2.6274886e+02   2.3263628e+02
   7.7000000e+02   2.2835619e+02   2.4858795e+02
   7.7200000e+02   2.2501096e+02   2.5074519e+02
   7.7300000e+02   2.2441701e+02   2.5161496e+02
   7.7700000e+02   2.1670378e+02   2.5289667e+02
   7.8500000e+02   2.1897119e+02   2.5139273e+02
   7.8600000e+02   2.1807128e+02   2.5051722e+02
   7.8800000e+02   2.2252598e+02   2.4817600e+02
   7.9500000e+02   2.4317457e+02   2.3989551e+02
   7.9800000e+02   2.4850283e+02   2.3731296e+02
   8.0200000e+02   2.5915471e+02   2.3540281e+02
   8.0800000e+02   2.4773319e+02   2.3924797e+02
   8.1700000e+02   2.2335091e+02   2.4860708e+02
   8.3200000e+02   2.1897119e+02   2.5179893e+02
   8.3800000e+02   2.2560524e+02   2.4707064e+02
   8.6600000e+02   2.2009834e+02   2.4926037e+02
   8.8600000e+02   2.2176234e+02   2.4752271e+02
   8.9400000e+02   2.5082856e+02   2.3839157e+02
   8.9500000e+02   2.4993898e+02   2.3815023e+02
   9.0500000e+02   2.4451332e+02   2.3922310e+02
   9.0800000e+02   2.3956295e+02   2.4221760e+02
   9.0900000e+02   2.3919989e+02   2.4329622e+02
   9.3200000e+02   2.1854034e+02   2.5333537e+02
   9.4400000e+02   2.3843238e+02   2.4073279e+02
   9.5000000e+02   2.5032584e+02   2.3690675e+02
   9.6300000e+02   2.2935120e+02   2.4865869e+02
   9.7500000e+02   2.1456672e+02   2.5264958e+02
   1.0110000e+03   2.5155490e+02   2.3582814e+02
   1.0120000e+03   2.4900214e+02   2.3667878e+02
   1.0240000e+03   2.2134578e+02   2.5095591e+02
   1.0520000e+03   2.5204261e+02   2.3836670e+02
   1.0540000e+03   2.5454624e+02   2.3649480e+02
   1.0690000e+03   2.3206003e+02   2.4585391e+02
   1.0710000e+03   2.2843957e+02   2.4862045e+02
   1.0900000e+03   2.2349048e+02   2.5161496e+02
   1.0960000e+03   2.2843722e+02   2.4457219e+02
   1.1020000e+03   2.4584088e+02   2.3837245e+02
   1.1060000e+03   2.4381769e+02   2.3773828e+02
   1.1070000e+03   2.4292120e+02   2.3857555e+02
   1.1150000e+03   2.2404677e+02   2.4904577e+02
   1.1210000e+03   2.2217403e+02   2.5070119e+02
   1.1480000e+03   2.4923303e+02   2.3926709e+02
   1.1500000e+03   2.5384674e+02   2.3648143e+02
   1.1530000e+03   2.5450870e+02   2.3434332e+02
   1.1570000e+03   2.3243426e+02   2.4178653e+02
   1.1580000e+03   2.3182551e+02   2.4500326e+02
   1.1760000e+03   2.1591206e+02   2.5160159e+02
   1.1940000e+03   2.4065451e+02   2.4244558e+02
   1.2020000e+03   2.3285417e+02   2.4607038e+02
   1.2140000e+03   2.1538249e+02   2.5181806e+02
   1.2170000e+03   2.1518572e+02   2.5245223e+02
   1.2220000e+03   2.2800229e+02   2.4905152e+02
   1.2290000e+03   2.4582655e+02   2.4197051e+02
   1.2330000e+03   2.5275007e+02   2.3712898e+02
   1.2350000e+03   2.4791459e+02   2.3773828e+02
   1.2530000e+03   2.2103236e+02   2.5139273e+02
   1.2730000e+03   2.4242923e+02   2.4370242e+02
   1.2740000e+03   2.4095852e+02   2.4155094e+02
   1.2810000e+03   2.5746955e+02   2.3519396e+02
   1.3050000e+03   2.1869935e+02   2.5031412e+02
   1.3190000e+03   2.2119501e+02   2.5309978e+02
   1.3450000e+03   2.4514844e+02   2.3861379e+02
   1.3470000e+03   2.4846529e+02   2.3839157e+02
   1.3610000e+03   2.2973430e+02   2.4737697e+02
   1.3690000e+03   2.2255646e+02   2.5097316e+02
   1.4120000e+03   2.2554416e+02   2.4844222e+02
   1.4170000e+03   2.2464790e+02   2.5118388e+02
   1.4440000e+03   2.1743980e+02   2.5653873e+02
   1.4510000e+03   2.2498070e+02   2.4714138e+02
   1.4540000e+03   2.3072520e+02   2.4502239e+02
   1.4670000e+03   2.2710602e+02   2.5778220e+02
   1.4720000e+03   2.1834611e+02   2.6376547e+02
   1.4810000e+03   2.2116112e+02   2.5122788e+02
   1.4840000e+03   2.3268788e+02   2.4738272e+02
   1.5070000e+03   2.1425170e+02   2.6887897e+02
   1.5200000e+03   2.2776798e+02   2.5436812e+02
   1.5490000e+03   2.4695111e+02   2.3893407e+02
   1.5580000e+03   2.4674078e+02   2.3880352e+02
   1.5620000e+03   2.3133006e+02   2.5931101e+02
   1.5840000e+03   2.5138862e+02   2.4309312e+02
   1.6010000e+03   2.3278979e+02   2.5269357e+02
   1.6260000e+03   2.4474399e+02   2.3857555e+02
   1.6270000e+03   2.4205519e+02   2.3990126e+02
   1.6500000e+03   2.2295421e+02   2.5780132e+02
   1.6510000e+03   2.2544952e+02   2.5715378e+02
   1.6520000e+03   2.2588060e+02   2.5672846e+02
   1.6540000e+03   2.2299140e+02   2.5564409e+02
   1.6610000e+03   2.2704165e+02   2.4777555e+02
   1.6860000e+03   2.2530704e+02   2.4925462e+02
   1.6890000e+03   2.2388766e+02   2.5059370e+02
   1.6900000e+03   2.2468543e+02   2.5013014e+02
   1.6950000e+03   2.1905708e+02   2.5051722e+02
   1.6980000e+03   2.2494680e+02   2.4693253e+02
   1.7020000e+03   2.3082630e+02   2.4306825e+02
   1.7340000e+03   2.1720914e+02   2.5611341e+02
   1.7540000e+03   2.4646872e+02   2.3646231e+02
   1.7620000e+03   2.3364852e+02   2.4653207e+02
   1.7680000e+03   2.2959729e+02   2.5228543e+02
   1.7730000e+03   2.2378939e+02   2.5590455e+02
   1.7740000e+03   2.2488606e+02   2.5696405e+02
   1.7810000e+03   2.1579215e+02   2.5499655e+02
   1.7850000e+03   2.2401335e+02   2.4860708e+02
   1.7890000e+03   2.3175352e+02   2.4372155e+02
   1.8000000e+03   2.3268788e+02   2.4009862e+02
   1.8030000e+03   2.3149271e+02   2.4675430e+02
   1.8200000e+03   2.1933810e+02   2.5867684e+02
   1.8260000e+03   2.2236333e+02   2.5845462e+02
   1.8430000e+03   2.3999788e+02   2.4201450e+02
   1.8440000e+03   2.4221345e+02   2.4135546e+02
   1.8730000e+03   2.1791362e+02   2.5522639e+02
   1.8820000e+03   2.3790281e+02   2.4246470e+02
   1.9000000e+03   2.2863377e+02   2.5397529e+02
   1.9030000e+03   2.1930785e+02   2.5609429e+02
   1.9070000e+03   2.2308613e+02   2.5631076e+02
   1.9080000e+03   2.2262811e+02   2.5607516e+02
   1.9200000e+03   2.4026267e+02   2.4602452e+02
   1.9370000e+03   2.3787061e+02   2.4566418e+02
   1.9390000e+03   2.3302431e+02   2.5037148e+02
   1.9400000e+03   2.2621704e+02   2.5185630e+02
   1.9570000e+03   2.2591952e+02   2.4478104e+02
   2.0080000e+03   2.4338987e+02   2.4199538e+02
   2.0100000e+03   2.4456628e+02   2.3991463e+02
   2.0160000e+03   2.4026267e+02   2.4438821e+02
   2.0190000e+03   2.2926735e+02   2.4799203e+02
   2.0220000e+03   2.2836899e+02   2.5056121e+02
   2.0230000e+03   2.2827071e+02   2.5185630e+02
   2.0550000e+03   2.5424392e+02   2.4011773e+02
   2.0590000e+03   2.4781609e+02   2.4096076e+02
   2.0770000e+03   2.1847210e+02   2.5567471e+02
   2.0800000e+03   2.2239027e+02   2.5735113e+02
   2.0870000e+03   2.1813930e+02   2.5310552e+02
   2.0890000e+03   2.2219341e+02   2.5354997e+02
   2.0930000e+03   2.3215467e+02   2.5011101e+02
   2.1070000e+03   2.4643824e+02   2.3967329e+02
   2.1100000e+03   2.4581040e+02   2.4268117e+02
   2.1110000e+03   2.4478174e+02   2.4310649e+02
   2.1190000e+03   2.2870542e+02   2.5160159e+02
   2.1230000e+03   2.2571408e+02   2.5310552e+02
   2.1390000e+03   2.3115991e+02   2.5053634e+02
   2.1430000e+03   2.4035583e+02   2.4539035e+02
   2.1480000e+03   2.4743404e+02   2.4412775e+02
   2.1530000e+03   2.4919891e+02   2.4054306e+02
   2.1600000e+03   2.3947810e+02   2.4607613e+02
   2.1900000e+03   2.3577749e+02   2.4734448e+02
   2.1980000e+03   2.5258356e+02   2.4094926e+02
   2.2680000e+03   2.2129328e+02   2.5374732e+02
   2.2690000e+03   2.2069592e+02   2.5504816e+02
   2.2880000e+03   2.3634556e+02   2.4817600e+02
   2.2950000e+03   2.4192280e+02   2.4522549e+02
   2.3040000e+03   2.3896412e+02   2.4392465e+02
   2.3110000e+03   2.2275687e+02   2.5204028e+02
   2.3130000e+03   2.2052941e+02   2.5224338e+02
   2.3200000e+03   2.2461400e+02   2.4607613e+02
   2.3210000e+03   2.2357811e+02   2.4724064e+02
   2.3220000e+03   2.2381624e+02   2.4520062e+02
   2.3330000e+03   2.3574867e+02   2.4561257e+02
   2.3380000e+03   2.2790402e+02   2.4986967e+02
   2.3420000e+03   2.2026739e+02   2.5309978e+02
   2.3470000e+03   2.2391792e+02   2.5521877e+02
   2.3490000e+03   2.2114559e+02   2.5566321e+02
   2.3790000e+03   2.3673813e+02   2.4773156e+02
   2.3820000e+03   2.2494658e+02   2.4988879e+02
   2.3830000e+03   2.2326753e+02   2.4964170e+02
   2.3860000e+03   2.2703801e+02   2.5226250e+02
   2.4050000e+03   2.1509488e+02   2.5182381e+02
   2.4070000e+03   2.1667230e+02   2.5054971e+02
   2.4230000e+03   2.3142106e+02   2.4768330e+02
   2.4270000e+03   2.3004659e+02   2.4832897e+02
   2.4540000e+03   2.2187487e+02   2.5270695e+02
   2.4600000e+03   2.3130591e+02   2.5077956e+02
   2.4670000e+03   2.4002814e+02   2.4504913e+02
   2.4720000e+03   2.2431922e+02   2.5295313e+02
   2.4810000e+03   2.1672779e+02   2.5200300e+02
   2.4940000e+03   2.2979482e+02   2.4793466e+02
   2.5110000e+03   2.3459419e+02   2.4405857e+02
   2.5120000e+03   2.3185577e+02   2.4808188e+02
   2.5430000e+03   2.3840190e+02   2.4748020e+02
   2.5560000e+03   2.3902974e+02   2.4483266e+02
   2.5590000e+03   2.2524526e+02   2.4881018e+02
   2.5620000e+03   2.2263533e+02   2.5012439e+02
   2.5670000e+03   2.2252621e+02   2.5187542e+02
   2.5710000e+03   2.1607835e+02   2.5376069e+02
   2.5720000e+03   2.1840044e+02   2.5599441e+02
   2.5750000e+03   2.1973164e+02   2.5289667e+02
   2.5900000e+03   2.3391672e+02   2.4353757e+02
   2.5960000e+03   2.4778220e+02   2.4261806e+02
   2.6100000e+03   2.1903192e+02   2.5040398e+02
   2.6310000e+03   2.2059379e+02   2.5077194e+02
   2.6720000e+03   2.1670256e+02   2.5205940e+02
   2.6770000e+03   2.2800229e+02   2.4799203e+02
   2.6870000e+03   2.4496660e+02   2.4160102e+02
   2.7040000e+03   2.2189519e+02   2.5655744e+02
   2.7140000e+03   2.2171708e+02   2.5245985e+02
   2.7160000e+03   2.1747501e+02   2.5236226e+02
   2.7190000e+03   2.1331674e+02   2.5297122e+02
   2.7270000e+03   2.2921172e+02   2.4718293e+02
   2.7310000e+03   2.3042266e+02   2.4471218e+02
   2.7370000e+03   2.3819786e+02   2.4225772e+02
   2.7420000e+03   2.3417786e+02   2.4518725e+02
   2.7440000e+03   2.3036038e+02   2.4523886e+02
   2.7690000e+03   2.1354835e+02   2.4950171e+02
   2.7800000e+03   2.2857055e+02   2.4285940e+02
   2.7950000e+03   2.2939764e+02   2.4646322e+02
   2.8010000e+03   2.2188952e+02   2.4929287e+02
   2.8040000e+03   2.2125575e+02   2.4992129e+02
   2.8170000e+03   2.1697098e+02   2.5032749e+02
   2.8260000e+03   2.3633731e+02   2.4481354e+02
   2.8340000e+03   2.4065072e+02   2.4339532e+02
   2.8380000e+03   2.3005960e+02   2.4608951e+02
   2.8420000e+03   2.2820633e+02   2.4738272e+02
   2.8540000e+03   2.1986381e+02   2.5011101e+02
   2.8560000e+03   2.2023255e+02   2.4905152e+02
   2.8670000e+03   2.1587067e+02   2.5161496e+02
   2.8780000e+03   2.2931637e+02   2.4351845e+02
   2.8800000e+03   2.3178412e+02   2.4332871e+02
   2.8860000e+03   2.3188625e+02   2.4461619e+02
   2.8910000e+03   2.2502300e+02   2.4841735e+02
   2.9090000e+03   2.1129063e+02   2.4946347e+02
   2.9190000e+03   2.1378607e+02   2.4776980e+02
   2.9200000e+03   2.1567754e+02   2.4862045e+02
   2.9270000e+03   2.2740107e+02   2.4497839e+02
   2.9280000e+03   2.2974744e+02   2.4286515e+02
   2.9300000e+03   2.2892881e+02   2.4433085e+02
   2.9400000e+03   2.1852704e+02   2.4947684e+02
   2.9460000e+03   2.1705100e+02   2.5054209e+02
   2.9500000e+03   2.1514069e+02   2.5205940e+02
   2.9660000e+03   2.3813492e+02   2.4113324e+02
   2.9750000e+03   2.2669828e+02   2.4736360e+02
   3.0000000e+03   2.2507897e+02   2.4773156e+02
   3.0020000e+03   2.2921787e+02   2.4626011e+02
   3.0220000e+03   2.2149005e+02   2.5077768e+02
   3.0370000e+03   2.2304828e+02   2.4523886e+02
   3.0450000e+03   2.2952450e+02   2.4650166e+02
   3.0500000e+03   2.2383304e+02   2.4880133e+02
   3.0510000e+03   2.2464488e+02   2.4822104e+02
   3.0600000e+03   2.2163625e+02   2.5178713e+02
   3.0650000e+03   2.1381218e+02   2.5154545e+02
   3.0930000e+03   2.2387939e+02   2.5028927e+02
   3.0990000e+03   2.1918498e+02   2.5343027e+02
   3.1110000e+03   2.2049858e+02   2.5304342e+02
   3.1230000e+03   2.3445564e+02   2.4479533e+02
   3.1240000e+03   2.3620547e+02   2.4556330e+02
   3.1250000e+03   2.3425704e+02   2.4481354e+02
   3.1260000e+03   2.3567590e+02   2.4596963e+02
   3.1500000e+03   2.2102850e+02   2.5243311e+02
   3.1530000e+03   2.2109516e+02   2.5351935e+02
   3.1570000e+03   2.1598349e+02   2.5527613e+02
   3.1610000e+03   2.1618048e+02   2.5440061e+02
   3.1760000e+03   2.3368241e+02   2.4355669e+02
   3.1770000e+03   2.3470483e+02   2.4265183e+02
   3.1870000e+03   2.4434681e+02   2.4049332e+02
   3.1940000e+03   2.2853527e+02   2.4676767e+02
   3.2010000e+03   2.2238995e+02   2.4913375e+02
   3.2190000e+03   2.3111494e+02   2.4530296e+02
   3.2230000e+03   2.3979142e+02   2.4158343e+02
   3.2260000e+03   2.4112117e+02   2.3751606e+02
   3.2600000e+03   2.3344425e+02   2.4603789e+02
   3.2930000e+03   2.1682637e+02   2.5066276e+02
