   1.0000000e+00   2.6914388e+02   2.1017360e+02
   2.0000000e+00   2.6639331e+02   2.1320810e+02
   1.2000000e+01   2.6415680e+02   2.1527829e+02
   1.5000000e+01   2.6377225e+02   2.1700856e+02
   2.5000000e+01   2.6285701e+02   2.2002019e+02
   2.9000000e+01   2.6218892e+02   2.2188097e+02
   4.3000000e+01   2.6167783e+02   2.2272883e+02
   6.3000000e+01   2.7403167e+02   2.0294670e+02
   7.5000000e+01   2.7963576e+02   1.9596911e+02
   8.1000000e+01   2.8252467e+02   1.9306472e+02
   1.0100000e+02   2.7900642e+02   1.9571310e+02
   1.2000000e+02   2.6829941e+02   2.1411623e+02
   1.3000000e+02   2.6865348e+02   2.1618542e+02
   1.4600000e+02   2.6623702e+02   2.1889984e+02
   1.4800000e+02   2.6580474e+02   2.1858356e+02
   1.4900000e+02   2.6574676e+02   2.1949461e+02
   1.5100000e+02   2.6612430e+02   2.1968767e+02
   1.5500000e+02   2.6421124e+02   2.2036182e+02
   1.6100000e+02   2.6552876e+02   2.2032690e+02
   1.6400000e+02   2.6507712e+02   2.1587492e+02
   1.7200000e+02   2.7241835e+02   2.0949054e+02
   1.8300000e+02   2.8376774e+02   2.0140062e+02
   1.8700000e+02   2.8564807e+02   1.9822868e+02
   1.9600000e+02   2.9075638e+02   1.9329271e+02
   2.0800000e+02   2.9004954e+02   1.9086542e+02
   2.4900000e+02   2.6932026e+02   2.2173550e+02
   2.6900000e+02   2.6966157e+02   2.2392934e+02
   2.9200000e+02   2.8103077e+02   2.1044228e+02
   3.0100000e+02   2.8433055e+02   2.0192756e+02
   3.1000000e+02   2.8877067e+02   1.9738081e+02
   3.3200000e+02   2.8892980e+02   1.9532697e+02
   3.4100000e+02   2.8270612e+02   2.0199407e+02
   3.4400000e+02   2.7937987e+02   2.0699364e+02
   3.5100000e+02   2.7759203e+02   2.1044228e+02
   3.6800000e+02   2.7586374e+02   2.1615050e+02
   3.7600000e+02   2.7187578e+02   2.1900461e+02
   3.8400000e+02   2.7077470e+02   2.1768810e+02
   3.9300000e+02   2.7116823e+02   2.1800438e+02
   4.0600000e+02   2.7352058e+02   2.1256306e+02
   4.0900000e+02   2.7279845e+02   2.1331864e+02
   4.1700000e+02   2.6969371e+02   2.1733112e+02
   4.1900000e+02   2.6932026e+02   2.1468852e+02
   4.2100000e+02   2.6994961e+02   2.1559356e+02
   4.2500000e+02   2.7000843e+02   2.1592251e+02
   4.3400000e+02   2.6791062e+02   2.1892271e+02
   4.3800000e+02   2.6570585e+02   2.2052953e+02
   4.4400000e+02   2.6780699e+02   2.1591674e+02
   4.4900000e+02   2.7456620e+02   2.0682860e+02
   4.5200000e+02   2.7607876e+02   2.0605058e+02
   4.7400000e+02   2.8975490e+02   1.9237500e+02
   4.9100000e+02   2.8112834e+02   1.9781721e+02
   4.9900000e+02   2.7105311e+02   2.0893670e+02
   5.1400000e+02   2.6870807e+02   2.1586286e+02
   5.2300000e+02   2.6916396e+02   2.1597969e+02
   5.4900000e+02   2.8057851e+02   2.0020957e+02
   5.5700000e+02   2.7599864e+02   2.0421515e+02
   5.5900000e+02   2.7446802e+02   2.0659484e+02
   5.6200000e+02   2.7413392e+02   2.0781616e+02
   5.6300000e+02   2.7273830e+02   2.0829058e+02
   5.6500000e+02   2.7410765e+02   2.0737604e+02
   5.7000000e+02   2.7252247e+02   2.0892694e+02
   5.9600000e+02   2.7048738e+02   2.1276690e+02
   6.2300000e+02   2.6703426e+02   2.1507984e+02
   6.3000000e+02   2.7275900e+02   2.0737287e+02
   6.4200000e+02   2.8197413e+02   1.9898825e+02
   6.5200000e+02   2.7929245e+02   2.0158290e+02
   6.5500000e+02   2.7894759e+02   2.0133880e+02
   6.6300000e+02   2.7676693e+02   2.0190531e+02
   6.7100000e+02   2.7438921e+02   2.0420248e+02
   6.8200000e+02   2.7345484e+02   2.0429814e+02
   7.4100000e+02   2.7926819e+02   2.0102178e+02
   7.4500000e+02   2.8151797e+02   1.9870155e+02
   7.4900000e+02   2.8116840e+02   1.9694709e+02
   7.5300000e+02   2.7951750e+02   1.9908612e+02
   7.7000000e+02   2.7480692e+02   2.0467887e+02
   7.7200000e+02   2.7364221e+02   2.0580724e+02
   7.7300000e+02   2.7277777e+02   2.0564957e+02
   7.7700000e+02   2.7429992e+02   2.0581728e+02
   7.8500000e+02   2.7271954e+02   2.0836042e+02
   7.8600000e+02   2.7275829e+02   2.0872430e+02
   7.8800000e+02   2.7149845e+02   2.0948515e+02
   7.9500000e+02   2.7148154e+02   2.0749608e+02
   7.9800000e+02   2.7104926e+02   2.0825566e+02
   8.0200000e+02   2.6951985e+02   2.1063434e+02
   8.0800000e+02   2.6957545e+02   2.1026190e+02
   8.1700000e+02   2.6926143e+02   2.1126213e+02
   8.3200000e+02   2.6822060e+02   2.1347678e+02
   8.3800000e+02   2.6670728e+02   2.1391798e+02
   8.6600000e+02   2.6576458e+02   2.1593519e+02
   8.8600000e+02   2.7595275e+02   2.0439011e+02
   8.9400000e+02   2.8849692e+02   1.9324511e+02
   8.9500000e+02   2.8643372e+02   1.9405228e+02
   9.0500000e+02   2.9442961e+02   1.8628065e+02
   9.0800000e+02   2.9313970e+02   1.8542112e+02
   9.0900000e+02   2.9051854e+02   1.8615744e+02
   9.2200000e+02   2.8963593e+02   1.8954891e+02
   9.3200000e+02   2.8751471e+02   1.9160275e+02
   9.4400000e+02   2.8444890e+02   1.9562713e+02
   9.5000000e+02   2.8203225e+02   1.9774158e+02
   9.6300000e+02   2.7774975e+02   2.0301608e+02
   9.7500000e+02   2.7680568e+02   2.0334503e+02
   1.0110000e+03   2.7465819e+02   2.0776217e+02
   1.0120000e+03   2.7461873e+02   2.0913705e+02
   1.0240000e+03   2.7322506e+02   2.0876145e+02
   1.0520000e+03   2.9350906e+02   1.8504038e+02
   1.0540000e+03   2.9281948e+02   1.8652131e+02
   1.0690000e+03   2.8769109e+02   1.9159007e+02
   1.0710000e+03   2.8792761e+02   1.9229247e+02
   1.0900000e+03   2.8284784e+02   1.9679628e+02
   1.0960000e+03   2.8087376e+02   1.9773778e+02
   1.1020000e+03   2.8046086e+02   1.9805406e+02
   1.1060000e+03   2.8030385e+02   1.9964883e+02
   1.1070000e+03   2.8079556e+02   1.9857298e+02
   1.1150000e+03   2.8059806e+02   1.9950263e+02
   1.1210000e+03   2.7824075e+02   2.0017085e+02
   1.1480000e+03   2.7513601e+02   2.0511639e+02
   1.1500000e+03   2.7554681e+02   2.0585340e+02
   1.1530000e+03   2.7311166e+02   2.0815779e+02
   1.1570000e+03   2.7368227e+02   2.0795205e+02
   1.1580000e+03   2.7334757e+02   2.0931306e+02
   1.1760000e+03   2.7326947e+02   2.0882217e+02
   1.1940000e+03   2.7264073e+02   2.1118918e+02
   1.2020000e+03   2.7229590e+02   2.1258651e+02
   1.2140000e+03   2.6788651e+02   2.1597969e+02
   1.2170000e+03   2.6847342e+02   2.1549670e+02
   1.2220000e+03   2.7624608e+02   2.0738872e+02
   1.2290000e+03   2.8334906e+02   1.9883589e+02
   1.2330000e+03   2.8698284e+02   1.9444418e+02
   1.2350000e+03   2.8881083e+02   1.9181806e+02
   1.2530000e+03   2.9788772e+02   1.8179685e+02
   1.2730000e+03   2.9088467e+02   1.8811290e+02
   1.2740000e+03   2.8941878e+02   1.8841011e+02
   1.2810000e+03   2.8643372e+02   1.9081783e+02
   1.3050000e+03   2.8000850e+02   1.9720620e+02
   1.3190000e+03   2.7896696e+02   1.9952562e+02
   1.3450000e+03   2.7749446e+02   2.0134837e+02
   1.3470000e+03   2.7800494e+02   2.0119333e+02
   1.3610000e+03   2.7894830e+02   2.0273093e+02
   1.3690000e+03   2.7818263e+02   2.0486996e+02
   1.4120000e+03   2.7522391e+02   2.0738333e+02
   1.4170000e+03   2.8103006e+02   2.0166197e+02
   1.4330000e+03   2.9295853e+02   1.8792713e+02
   1.4440000e+03   2.8808259e+02   1.9046085e+02
   1.4510000e+03   2.8726557e+02   1.9274418e+02
   1.4540000e+03   2.8871194e+02   1.9209941e+02
   1.4670000e+03   2.8645309e+02   1.9391259e+02
   1.4720000e+03   2.8506225e+02   1.9467829e+02
   1.4810000e+03   2.8224737e+02   1.9814616e+02
   1.4840000e+03   2.8248389e+02   1.9836147e+02
   1.5070000e+03   2.8158060e+02   1.9968376e+02
   1.5190000e+03   2.7973164e+02   2.0163329e+02
   1.5200000e+03   2.7936228e+02   2.0180290e+02
   1.5490000e+03   2.7547081e+02   2.0855349e+02
   1.5580000e+03   2.7320586e+02   2.1088538e+02
   1.5620000e+03   2.7311236e+02   2.1143294e+02
   1.5840000e+03   2.8806525e+02   1.9294728e+02
   1.6010000e+03   2.9867266e+02   1.8225282e+02
   1.6260000e+03   2.8777061e+02   1.9321019e+02
   1.6270000e+03   2.8450754e+02   1.9577027e+02
   1.6500000e+03   2.7858703e+02   2.0623414e+02
   1.6510000e+03   2.7816265e+02   2.0631348e+02
   1.6520000e+03   2.7831895e+02   2.0427232e+02
   1.6540000e+03   2.7717984e+02   2.0640178e+02
   1.6610000e+03   2.7619845e+02   2.0740488e+02
   1.6860000e+03   2.8167817e+02   2.0006410e+02
   1.6890000e+03   2.8472124e+02   1.9736658e+02
   1.6900000e+03   2.8631545e+02   1.9495352e+02
   1.6950000e+03   2.8997002e+02   1.9091302e+02
   1.6980000e+03   2.9133410e+02   1.8927127e+02
   1.7020000e+03   2.9405748e+02   1.8567922e+02
   1.7340000e+03   2.9401742e+02   1.8432201e+02
   1.7540000e+03   2.8668890e+02   1.9045705e+02
   1.7620000e+03   2.8541759e+02   1.9103387e+02
   1.7680000e+03   2.8456637e+02   1.9189368e+02
   1.7730000e+03   2.8386708e+02   1.9370759e+02
   1.7740000e+03   2.8311253e+02   1.9560833e+02
   1.7810000e+03   2.8246452e+02   1.9497577e+02
   1.7850000e+03   2.8103077e+02   1.9737391e+02
   1.7890000e+03   2.8106152e+02   1.9987798e+02
   1.8000000e+03   2.7873115e+02   2.0151341e+02
   1.8030000e+03   2.8089313e+02   2.0120290e+02
   1.8200000e+03   2.7753392e+02   2.0391732e+02
   1.8260000e+03   2.7853940e+02   2.0604996e+02
   1.8430000e+03   2.7775305e+02   2.0720643e+02
   1.8440000e+03   2.7643284e+02   2.0868938e+02
   1.8730000e+03   2.8735966e+02   1.9758310e+02
   1.8820000e+03   2.9539235e+02   1.8589453e+02
   1.9000000e+03   2.9861454e+02   1.8318321e+02
   1.9030000e+03   2.9820174e+02   1.8204709e+02
   1.9070000e+03   2.9492132e+02   1.8497682e+02
   1.9080000e+03   2.9494070e+02   1.8592945e+02
   1.9200000e+03   2.8712092e+02   1.9872690e+02
   1.9370000e+03   2.7951689e+02   2.0825945e+02
   1.9390000e+03   2.7981285e+02   2.0875612e+02
   1.9400000e+03   2.8266258e+02   2.0641802e+02
   1.9570000e+03   2.9370269e+02   1.9494774e+02
   2.0080000e+03   2.8435124e+02   2.0363019e+02
   2.0100000e+03   2.8407598e+02   2.0327899e+02
   2.0160000e+03   2.8458706e+02   2.0475942e+02
   2.0190000e+03   2.8418473e+02   2.0373511e+02
   2.0220000e+03   2.8323150e+02   2.0577500e+02
   2.0230000e+03   2.8336985e+02   2.0505035e+02
   2.0550000e+03   2.8932130e+02   1.9555496e+02
   2.0590000e+03   2.8808844e+02   1.9661240e+02
   2.0770000e+03   2.8631545e+02   2.0067131e+02
   2.0800000e+03   2.8533264e+02   2.0197515e+02
   2.0870000e+03   2.8325373e+02   2.0353318e+02
   2.0890000e+03   2.8455117e+02   2.0467698e+02
   2.0930000e+03   2.8205233e+02   2.0567713e+02
   2.1070000e+03   2.8218996e+02   2.0724965e+02
   2.1100000e+03   2.8387001e+02   2.0682031e+02
   2.1110000e+03   2.8280839e+02   2.0932283e+02
   2.1190000e+03   2.8204015e+02   2.0989473e+02
   2.1230000e+03   2.8181712e+02   2.0995829e+02
   2.1390000e+03   2.7979277e+02   2.1258441e+02
   2.1430000e+03   2.7747377e+02   2.1337891e+02
   2.1480000e+03   2.7951750e+02   2.1155616e+02
   2.1530000e+03   2.8373238e+02   2.0586608e+02
   2.1600000e+03   2.9169974e+02   1.9471286e+02
   2.1900000e+03   2.9856032e+02   1.8852248e+02
   2.1980000e+03   2.9800569e+02   1.8906554e+02
   2.2550000e+03   2.8637499e+02   2.0069934e+02
   2.2680000e+03   2.8417416e+02   2.0285414e+02
   2.2690000e+03   2.8462722e+02   2.0384170e+02
   2.2880000e+03   2.8146375e+02   2.0703434e+02
   2.2950000e+03   2.8523588e+02   2.0329166e+02
   2.3040000e+03   2.9448975e+02   1.9105848e+02
   2.3110000e+03   2.9175927e+02   1.9351104e+02
   2.3130000e+03   2.9162865e+02   1.9465484e+02
   2.3200000e+03   2.8908610e+02   1.9839639e+02
   2.3210000e+03   2.8960242e+02   1.9794387e+02
   2.3220000e+03   2.8828037e+02   1.9803562e+02
   2.3330000e+03   2.8855564e+02   1.9984570e+02
   2.3380000e+03   2.8675857e+02   2.0102178e+02
   2.3420000e+03   2.8619719e+02   2.0187996e+02
   2.3470000e+03   2.8578695e+02   2.0024953e+02
   2.3490000e+03   2.8629608e+02   2.0220891e+02
   2.3790000e+03   2.8521650e+02   2.0631926e+02
   2.3820000e+03   2.8456779e+02   2.0824988e+02
   2.3830000e+03   2.8558995e+02   2.0713910e+02
   2.3860000e+03   2.8442944e+02   2.0662976e+02
   2.4050000e+03   2.8495990e+02   2.0727190e+02
   2.4070000e+03   2.8460990e+02   2.0720294e+02
   2.4230000e+03   2.8185587e+02   2.0799965e+02
   2.4270000e+03   2.8860654e+02   1.9930418e+02
   2.4540000e+03   2.8686599e+02   2.0121558e+02
