   1.0000000e+00   2.2981278e+02   2.0749031e+02
   2.0000000e+00   2.3176987e+02   2.0524651e+02
   1.2000000e+01   2.4135275e+02   1.9999426e+02
   1.5000000e+01   2.4299511e+02   1.9807054e+02
   2.5000000e+01   2.4839779e+02   1.9318794e+02
   2.9000000e+01   2.4409788e+02   1.9584321e+02
   4.3000000e+01   2.3150858e+02   2.0723430e+02
   6.3000000e+01   2.2369310e+02   2.1374837e+02
   7.5000000e+01   2.2215284e+02   2.1396387e+02
   8.1000000e+01   2.2170107e+02   2.1527829e+02
   1.0100000e+02   2.2944463e+02   2.0719938e+02
   1.2000000e+02   2.4265019e+02   1.9394751e+02
   1.3000000e+02   2.4317919e+02   1.9245061e+02
   1.4600000e+02   2.3160203e+02   2.0235438e+02
   1.4800000e+02   2.2877269e+02   2.0506302e+02
   1.4900000e+02   2.2826860e+02   2.0693337e+02
   1.5100000e+02   2.2702203e+02   2.0777484e+02
   1.5500000e+02   2.2494466e+02   2.0950860e+02
   1.6100000e+02   2.2477657e+02   2.1063535e+02
   1.6400000e+02   2.2415637e+02   2.1204015e+02
   1.7200000e+02   2.2212432e+02   2.1544810e+02
   1.8300000e+02   2.2045873e+02   2.1516674e+02
   1.8700000e+02   2.2101626e+02   2.1601461e+02
   1.9600000e+02   2.2427777e+02   2.1244852e+02
   2.0800000e+02   2.3258613e+02   2.0430542e+02
   2.4900000e+02   2.3416771e+02   2.0139713e+02
   2.6900000e+02   2.2434044e+02   2.0940136e+02
   2.9200000e+02   2.2152204e+02   2.1382798e+02
   3.0100000e+02   2.2568432e+02   2.1117961e+02
   3.1000000e+02   2.3253300e+02   2.0449073e+02
   3.3200000e+02   2.4606725e+02   1.9105848e+02
   3.4100000e+02   2.4913240e+02   1.8975465e+02
   3.4400000e+02   2.4733617e+02   1.8945104e+02
   3.5100000e+02   2.4227836e+02   1.9311953e+02
   3.6800000e+02   2.2839000e+02   2.0607593e+02
   3.7600000e+02   2.2648859e+02   2.0978748e+02
   3.8400000e+02   2.2533409e+02   2.1370476e+02
   3.9300000e+02   2.2374142e+02   2.1430410e+02
   4.0600000e+02   2.2156679e+02   2.1530263e+02
   4.0900000e+02   2.2290032e+02   2.1448988e+02
   4.1700000e+02   2.2894053e+02   2.0699364e+02
   4.1900000e+02   2.3170021e+02   2.0456635e+02
   4.2100000e+02   2.3123395e+02   2.0409969e+02
   4.2500000e+02   2.3392332e+02   2.0236128e+02
   4.3400000e+02   2.3878245e+02   1.9544441e+02
   4.3800000e+02   2.4220190e+02   1.9273690e+02
   4.4400000e+02   2.4443220e+02   1.9253496e+02
   4.4900000e+02   2.4606725e+02   1.9147953e+02
   4.5200000e+02   2.4672366e+02   1.9003085e+02
   4.7400000e+02   2.3132570e+02   2.0524887e+02
   4.9100000e+02   2.2391829e+02   2.1364759e+02
   4.9900000e+02   2.2317315e+02   2.1354453e+02
   5.1400000e+02   2.2114464e+02   2.1562849e+02
   5.2300000e+02   2.2330734e+02   2.1520744e+02
   5.4900000e+02   2.4149737e+02   1.9734589e+02
   5.5700000e+02   2.4594585e+02   1.9259608e+02
   5.5900000e+02   2.4648016e+02   1.9356139e+02
   5.6200000e+02   2.4684662e+02   1.9336833e+02
   5.6300000e+02   2.4602019e+02   1.9388449e+02
   5.6500000e+02   2.4631930e+02   1.9359631e+02
   5.7000000e+02   2.4573326e+02   1.9361856e+02
   5.9600000e+02   2.2486776e+02   2.1407821e+02
   6.2300000e+02   2.2255650e+02   2.1508422e+02
   6.3000000e+02   2.2236712e+02   2.1640073e+02
   6.4200000e+02   2.2553970e+02   2.1264159e+02
   6.5200000e+02   2.3371603e+02   2.0299383e+02
   6.5500000e+02   2.3481643e+02   2.0140790e+02
   6.6300000e+02   2.4288121e+02   1.9658356e+02
   6.7100000e+02   2.4359209e+02   1.9409298e+02
   6.8200000e+02   2.3190356e+02   2.0688887e+02
   7.4100000e+02   2.2396837e+02   2.1218232e+02
   7.4500000e+02   2.2722152e+02   2.0884752e+02
   7.4900000e+02   2.3162513e+02   2.0408701e+02
   7.5300000e+02   2.3421358e+02   2.0046414e+02
   7.7000000e+02   2.3343546e+02   2.0191798e+02
   7.7200000e+02   2.3334956e+02   2.0108546e+02
   7.7300000e+02   2.3161600e+02   2.0109813e+02
   7.7700000e+02   2.3063372e+02   2.0506444e+02
   7.8500000e+02   2.2949107e+02   2.0603791e+02
   7.8600000e+02   2.2905495e+02   2.0601566e+02
   7.8800000e+02   2.2715324e+02   2.0850907e+02
   7.9500000e+02   2.2522498e+02   2.0955949e+02
   7.9800000e+02   2.2533409e+02   2.0980973e+02
   8.0200000e+02   2.2470242e+02   2.0931554e+02
   8.0800000e+02   2.2595959e+02   2.0920829e+02
   8.1700000e+02   2.2530388e+02   2.0958174e+02
   8.3200000e+02   2.4310953e+02   1.9378248e+02
   8.3800000e+02   2.4036677e+02   1.9562903e+02
   8.6600000e+02   2.2232562e+02   2.1121891e+02
   8.8600000e+02   2.2661157e+02   2.0986938e+02
   8.9400000e+02   2.2355409e+02   2.1227771e+02
   8.9500000e+02   2.2560237e+02   2.1118918e+02
   9.0500000e+02   2.2518947e+02   2.1384065e+02
   9.0800000e+02   2.2579707e+02   2.1391259e+02
   9.0900000e+02   2.2504136e+02   2.1212188e+02
   9.2200000e+02   2.3410041e+02   2.0089930e+02
   9.3200000e+02   2.3970339e+02   1.9641550e+02
   9.4400000e+02   2.3707486e+02   1.9851767e+02
   9.5000000e+02   2.3400527e+02   2.0034546e+02
   9.6300000e+02   2.3042205e+02   2.0364864e+02
   9.7500000e+02   2.2790258e+02   2.0563500e+02
   1.0110000e+03   2.2554669e+02   2.0894538e+02
   1.0120000e+03   2.2452057e+02   2.0992337e+02
   1.0240000e+03   2.2524409e+02   2.0777484e+02
   1.0520000e+03   2.3547449e+02   1.9923468e+02
   1.0540000e+03   2.3477697e+02   2.0043720e+02
   1.0690000e+03   2.3162912e+02   2.0623224e+02
   1.0710000e+03   2.3043828e+02   2.0604100e+02
   1.0900000e+03   2.2810075e+02   2.0747763e+02
   1.0960000e+03   2.2804507e+02   2.0761352e+02
   1.1020000e+03   2.2850433e+02   2.0934251e+02
   1.1060000e+03   2.2693701e+02   2.1077124e+02
   1.1070000e+03   2.2885073e+02   2.1063973e+02
   1.1150000e+03   2.2573606e+02   2.1339736e+02
   1.1210000e+03   2.2684855e+02   2.1308900e+02
   1.1480000e+03   2.4717531e+02   1.9548511e+02
   1.1500000e+03   2.4794013e+02   1.9343817e+02
   1.1530000e+03   2.4690703e+02   1.9381162e+02
   1.1570000e+03   2.4687414e+02   1.9523592e+02
   1.1580000e+03   2.4710734e+02   1.9456162e+02
   1.1760000e+03   2.4027321e+02   2.0081678e+02
   1.1940000e+03   2.3323485e+02   2.0624112e+02
   1.2020000e+03   2.2725173e+02   2.0980593e+02
   1.2140000e+03   2.2756370e+02   2.1084736e+02
   1.2170000e+03   2.3253781e+02   2.0779829e+02
   1.2220000e+03   2.3624856e+02   2.0348472e+02
   1.2290000e+03   2.4253577e+02   1.9836147e+02
   1.2330000e+03   2.4632629e+02   1.9588391e+02
   1.2350000e+03   2.4729672e+02   1.9484298e+02
   1.2530000e+03   2.4011235e+02   2.0191798e+02
   1.2730000e+03   2.3601568e+02   2.0816445e+02
   1.2740000e+03   2.3399298e+02   2.0983507e+02
   1.2810000e+03   2.3419859e+02   2.0913845e+02
   1.3050000e+03   2.3270614e+02   2.1174612e+02
   1.3190000e+03   2.2951910e+02   2.1211735e+02
   1.3450000e+03   2.3184523e+02   2.1304520e+02
   1.3470000e+03   2.3238488e+02   2.1202349e+02
   1.3610000e+03   2.3198085e+02   2.1277039e+02
   1.3690000e+03   2.3329084e+02   2.1397345e+02
   1.4120000e+03   2.4936685e+02   1.9390255e+02
   1.4170000e+03   2.5081722e+02   1.9255302e+02
   1.4330000e+03   2.4842800e+02   1.9546286e+02
   1.4440000e+03   2.4455209e+02   1.9891806e+02
   1.4510000e+03   2.4656605e+02   2.0196248e+02
   1.4540000e+03   2.4664101e+02   2.0180434e+02
   1.4670000e+03   2.4569380e+02   2.0316155e+02
   1.4720000e+03   2.4333306e+02   2.0388620e+02
   1.4810000e+03   2.4197825e+02   2.0665779e+02
   1.4840000e+03   2.4033588e+02   2.0732527e+02
   1.5070000e+03   2.3579271e+02   2.1510329e+02
   1.5190000e+03   2.4133651e+02   2.0198783e+02
   1.5200000e+03   2.4262166e+02   2.0171225e+02
   1.5490000e+03   2.4917884e+02   1.9814616e+02
   1.5580000e+03   2.4703069e+02   1.9984190e+02
   1.5620000e+03   2.4446434e+02   2.0184813e+02
   1.5840000e+03   2.4079742e+02   2.0779100e+02
   1.6010000e+03   2.3846999e+02   2.0922097e+02
   1.6260000e+03   2.3463471e+02   2.1261624e+02
   1.6270000e+03   2.3454352e+02   2.1275213e+02
   1.6500000e+03   2.3334258e+02   2.1713426e+02
   1.6510000e+03   2.3518988e+02   2.1607938e+02
   1.6520000e+03   2.3840201e+02   2.1364759e+02
   1.6540000e+03   2.3956181e+02   2.1345453e+02
   1.6610000e+03   2.4377222e+02   2.0811709e+02
   1.6860000e+03   2.5834882e+02   1.9667841e+02
   1.6890000e+03   2.5905322e+02   1.9486523e+02
   1.6900000e+03   2.5679765e+02   1.9659589e+02
   1.6950000e+03   2.4765788e+02   2.0166775e+02
   1.6980000e+03   2.4767411e+02   2.0485151e+02
   1.7020000e+03   2.4500563e+02   2.1000011e+02
   1.7340000e+03   2.3754600e+02   2.1814407e+02
   1.7540000e+03   2.4186552e+02   2.0913267e+02
   1.7620000e+03   2.4783102e+02   2.0417445e+02
   1.7680000e+03   2.5373249e+02   1.9956744e+02
   1.7730000e+03   2.5935870e+02   1.9322286e+02
   1.7740000e+03   2.6034536e+02   1.9321019e+02
   1.7810000e+03   2.5897375e+02   1.9370949e+02
   1.7850000e+03   2.5579776e+02   1.9602054e+02
   1.7890000e+03   2.4818931e+02   2.0045178e+02
   1.8000000e+03   2.4243928e+02   2.1012600e+02
   1.8030000e+03   2.3895342e+02   2.1258651e+02
   1.8200000e+03   2.3398069e+02   2.1756488e+02
   1.8260000e+03   2.3239007e+02   2.1871058e+02
   1.8430000e+03   2.3935746e+02   2.0874743e+02
   1.8440000e+03   2.4115244e+02   2.0792402e+02
   1.8730000e+03   2.5073133e+02   1.9967539e+02
   1.8820000e+03   2.4606725e+02   2.0790178e+02
   1.9000000e+03   2.3607677e+02   2.1612825e+02
   1.9030000e+03   2.3362483e+02   2.1967209e+02
   1.9070000e+03   2.3408237e+02   2.1858000e+02
   1.9080000e+03   2.3424503e+02   2.1881155e+02
   1.9200000e+03   2.3445763e+02   2.1519786e+02
   1.9370000e+03   2.5245996e+02   2.0180290e+02
   1.9390000e+03   2.5280152e+02   2.0098759e+02
   1.9400000e+03   2.5222776e+02   2.0118066e+02
   1.9570000e+03   2.4327637e+02   2.1142116e+02
   2.0080000e+03   2.4742206e+02   2.0813624e+02
   2.0100000e+03   2.4744640e+02   2.0855058e+02
   2.0160000e+03   2.4624072e+02   2.1084008e+02
   2.0190000e+03   2.4459803e+02   2.1221096e+02
   2.0220000e+03   2.4506562e+02   2.1258651e+02
   2.0230000e+03   2.4482156e+02   2.1239135e+02
   2.0550000e+03   2.4389757e+02   2.1492918e+02
   2.0590000e+03   2.4323936e+02   2.1550748e+02
   2.0770000e+03   2.4462519e+02   2.1657155e+02
   2.0800000e+03   2.4441959e+02   2.1695767e+02
   2.0870000e+03   2.4654283e+02   2.1688782e+02
   2.0890000e+03   2.4680186e+02   2.1826728e+02
   2.0930000e+03   2.4604403e+02   2.1709624e+02
   2.1070000e+03   2.4574554e+02   2.1887449e+02
   2.1100000e+03   2.4475190e+02   2.1924794e+02
   2.1110000e+03   2.4649182e+02   2.1894616e+02
   2.1190000e+03   2.4526298e+02   2.1726127e+02
   2.1230000e+03   2.4526298e+02   2.1472345e+02
   2.1390000e+03   2.5705818e+02   2.0391740e+02
   2.1430000e+03   2.5590236e+02   2.0524349e+02
   2.1480000e+03   2.5273885e+02   2.0768915e+02
   2.1530000e+03   2.5155582e+02   2.1137267e+02
   2.1600000e+03   2.5105303e+02   2.1337492e+02
   2.1900000e+03   2.4552370e+02   2.1335666e+02
   2.1980000e+03   2.4806697e+02   2.1355531e+02
   2.2550000e+03   2.4981133e+02   2.1045496e+02
   2.2680000e+03   2.5701024e+02   2.0184813e+02
   2.2690000e+03   2.5594862e+02   2.0286682e+02
   2.2880000e+03   2.5237968e+02   2.0755347e+02
   2.2950000e+03   2.5066036e+02   2.1109131e+02
   2.3040000e+03   2.4982756e+02   2.1150856e+02
   2.3110000e+03   2.5154489e+02   2.1117961e+02
   2.3130000e+03   2.5054195e+02   2.1200732e+02
   2.3200000e+03   2.5170574e+02   2.1236600e+02
   2.3210000e+03   2.5130414e+02   2.1203616e+02
   2.3220000e+03   2.5087055e+02   2.1282568e+02
   2.3330000e+03   2.4979261e+02   2.1414527e+02
   2.3380000e+03   2.5062484e+02   2.1529635e+02
   2.3420000e+03   2.4939270e+02   2.1420682e+02
   2.3470000e+03   2.5144178e+02   2.1530523e+02
   2.3490000e+03   2.5019402e+02   2.1497945e+02
   2.3790000e+03   2.5335206e+02   2.1759600e+02
   2.3820000e+03   2.5650840e+02   2.1492608e+02
   2.3830000e+03   2.5423659e+02   2.1421410e+02
   2.3860000e+03   2.5434571e+02   2.1207507e+02
   2.4050000e+03   2.7214386e+02   1.9658895e+02
   2.4070000e+03   2.7333437e+02   1.9540949e+02
   2.4230000e+03   2.6348547e+02   2.0267756e+02
   2.4270000e+03   2.6084946e+02   2.0617379e+02
